74

31136111 1224 3111111226 228 2210 3111116212
Enugallim 5225 11226 11225 31111 9222
31111128 12227 Ermum 725 Essiam 1229
3111114215 6219 311111 724 3111111111 226
Euan 18‚9 12219 3111116224 3111111111 12225
31111111 2211 3111131111 728 3111111111 228
3111111226 311111229 225 4216 3111111111 2212 35,
311111221812229 143, 11211 13222 16117

24 Erodes 6217 823 31111111 1123213217
311111 224 Eroon 6,9 15225
Engaddi 2217 5226 311111 12218 3111111110 11218

11212 12214 15 31111 229 31111111 148,16
Engudi 1121516 3111114221 7214 31111 3216 1229
Engunnu 1221 3111111623 3111 4218
31111111 12233 311101 428 31111101 5219
31111111221812226 Esau 1126 31111111231212121,
3111111 1230 311123 2213 7230 23
3111111210 10218122161229 3111114228
311111114216 132881421011155, 3111111111 421
3111111ο127,11 33152101529 27 311111 11227
311011526128,915216 3111111212 31111111 11238
Enoch 21712256213 3111111226 31111111 11220

7218 7230 311111 227 1228 3111111111 5, 23
Enom 5227 3111111 8211 311111 12233216
Enon 1213 3111118213 311 216 7219 727
3101 217 6214 3111111028 1122 117, 7220 8212
311111114218 3211291424141, 3111118227 9213 143,
3111111111 724 32 1426 9 15211
3111117210 3111111111 35, 13 3111111111 9211 125,
3111111825 31111111 5221 17 1222
Epufroditum 76, 26 3111111 5, 21 121 3111111 218
Epha 1322 Euda 4221 311111 222
Epiphania 91, 33 3111111 229 221 Eubulus 729
Epiphaniam 12231 3111101 1226 528117, Eud 3216
3127 129 62198217 29 13223 13233 3111111 724 8217
Erum 2219 31111 6213 Eufraten 1121
3111 1211 3111111 4215 31111111 216 11211
11111116815141111 311111115218 31111111 11212113
Erub 1124 Eser 225 1221 3111161111 7226 727

3111101 1227 Esiongaber 422 311 12, 24 1229223
31111111226 31111226 31111215 112158
Ergnb 12211 Eurum 22126 1226 12226

Eri 4227 223 61, 12 11225 311111113215116

 

