155

11111121 512117 21117215222 1111111281624
11921 16222 211192 153,4154,17 111111 2,1 1622 175,
Amos 1,61 5124 29623 17
111111215121 2111 92 1 12028 256, 1111112,17162,5
Amos 12215127 10 111111 2, 18 1 6322
1111113251 19624 2111 92 1 154,18 296, 14726 17528 29
Amos 421 14728 289, 14 1762218426 20029
33 2111 1421 13928 28928
11111551 12620 2432 2111 14,5 1 5229 992 111111 222 1 6024
Amos 526 1 5125 26 22928 111111 223 1 62, 24 27
Amos 621 12028 256, 2111 1420 1 52, 30 32 14326 17523 24 281,
11 9112014724 22929 37
Amos 72 1 5124 28927 11111132 1 62,6
1111117201 5122 Mal 12 1 532 11111132 16120
1111112 1 51,30 31 1113132315 111111421612
14121 28224 111111 1,1 1 60,8 6124 111111 4231 6227 63,
1111112015120135, 17526 14 11122 17525
l 25725 111111 12 1 6126 27 27326
11111121115426296, 1111111131 6122 20 111111 425 1 12927
12 6320 13 24723
11111 125 1 14328 285, 11111112 1 60,8 6223 1111114281 17528
58 632 1111111421 1 6325 175,
11111551522 1111111216029 61, 12
11111215225 12622932 632175, 111111 4,25 1 116, 29
1111421 11124 16 29 25129
lon 121522 10 111111 1,61 63,5 1111115231 17621
10n1,3:52‚10 1111111121 60,9 632 11111152816024
116 11 522 111111 121 1 180,42 1111115221 632 175,
11191 1582 26327 111111 l,8 : 6020 61, 3018427
111201 5224 28 29 1111111526 1 612 175,
1111111112 1522213 1111111121 602161, 20
1212 25727 30 31 111111 827 1 62,6
111111112117120 11111112016021 61, 111111 8, 28 1 13025
11111 12 1 5226 316225 17521 24821

Soph 12 1 5228 19 20 111111 121 1 622 3 11111192 1 6220175,
8111221 672 111111 1221 632 13 22

Soph 221 1 12523 111111 123 1 6023 14 111111 927 1 61,9
Agg 12 1 5222 23 24 6126 17523 111111 1021 6025

26 11111112416127 622 11111110316025 20
21111215229 184, 63217523 6223 6320 1742
62 11111112516127 6225 17525 21
2111620 1 18420 1111111261 6226175, 1111111102 1 612 622
2111 72 1 5221 17 22 6324 17528 21

 

