76

1111111 11111 11111111111111111 Galilaeae 114,1 11111
1111111 1111111111 1111
111111 1111111 1111111111 1111 1111111111
1111111 1111111111 (1111111 111111 111,
1111111 11111 1111 11
111111 111 1111 (11111111111111111 Galim 111
111111 111 1111111111 11111 111, 11
11111 111 1111111 1111 1111 1111111111
11111 11, 11 111811 11111 sanim 1111 1111
111 11 1118111 11111 Gallionis 1114
111111111111 111, 1111 1111 (1111111111 1111 1111
11 (1111111 1111 (1111111111
(1111 111, 11 (1111111111 flamen 11111
111111141111111 (11 1111111111 111, (1111111111
11 11111 1111 1111111 1111111 (1111111 1111
oubam 1111 1111 Gangen 1111 11114
(1111111111 1111 11111 emb 1114 1111
(1111111118116 111, 1111111111 1111 11111 1111
111111 1111 (111111111111 Garizim 1111 1111
(11111111 1111 111111111111111 1111111111
amonium 11111 111111111 11111 1111111114 1111
111, 11 1111 11111 11111 1111111111 1111
(1111111111 11111141111111 11111111
, 1111111111111111 111111111114 1111114
11 1111111 11 11111111 1411 1111111111 111, 11
1111111111111111 1111111111 111111 1111
(11111111111111 14111 11111111111114
11 1111111111 1111 1114 1111
(11111 111 Galatas 11111 11111 11111 11
nabioth 11111 (11111111111311111 11111111
Gabis 1111 1111 1111 1111111111
11111 1111 111111 1114 11111111 111 111
11111111 1114 111111111111114 111111111111
1111111111 11 11 om 11111
(111 11 1111 1111 1111111111 11111 1111111111111111,
1111 111111 111 111111 11111 11
11114111111111 (111111 111 111, 11 1111111111
111111111111111 11111 11111111
1114 1 11111 111, 1111111 11111 11111 11 1111 1111
11 11111111111111 11141111111
1111111111 1111111111111, 11111111 111, 11 11

(111111113115 23 12124 27 113, 13831 1411114111
(11111111 9129 19 1523

 

