135

Num 3421 21211422 21111 22 10 1 86, 26 20111426112320 3002
2832 212, 30 1111114291 12326 3002
Num 3421 1623 14 21111220 1 2224 Dent 72 1 12527242,
172 212 8728 118, 211112221222 68
1015020 21421 253, 21111223 1 1592 257, Dent 10212321
37 2922 35 30028 21111102 1 2121 26

’ 1111111342111624 211112237116520 23,3102,21136,5

1111111342 1 2027 212 21111229 1 8821215, 23320 27827

882 15026 214,67 94 21111102112521 181,
11111111111132125 111111 220 1 122 23,6 29 24223 2652

332159221420257, 15 6822 21525 110111 11291 1824 22,

84 Dent 22312128 20 14 22 24 1262 12
Num 3420 1 212 882 222 6 8 18 85, 27 24229 86

15025 21421 292, 12527 2112 24222 111111112012223126,

10 21111226 1 222 1092 14 24328
Num 3421 1 162517, 27023 21111,Ι 122 1 2223

14 882 10223 214, 2111132 1 21298824 Dent 23,3123,3183,40

72 23223 21627 20111232 1 2128
Num 3420 1 212 2011132222 2111121122 1 2124 25
Num 34211 172518, 21111 32 1 23210 90, 2321

1310328 201132121727253, 1111113221222
Num 3422 1 17,119,4 38 1111113229 1 892131,
Num 34231 172018, 111111 320123210137, 31 2162 26520

116426 3215024 27724292, 21111 33212226 2323
Num 3424 1 17,7 212 7 111111 342 1 8920115,
Num 3425 1 1822 20111321 1 23,6 1714121 2162233,
1711113426 1 1625 2111113221 232 04
Num 34271 1626 212 Dent 32412120 2220 21111 3421126211 243,
Dent 12 1 2122 2324 22 232 8924 10125 91

8620 109,4 13529 12023 21620 23125 101 1,4 1 8929 21624

15623 21426 26929 2562 10122 1 2926 15025
111111 12 1 2128 112, 21111326112426 241, 16922 2022

23 30120 40 101 326 1 302
20111 1,41 2128 222 Dent 327 1 222 89,5 101421 10228

8622 21325 11228 123241382 1014291 12622 243,
Dent 1,7 1 2129 8826 2162 27725 300,5 94

21320 21521 30223 101 521 10225 23325
111111 128 1 122 1111113272 1 2123 101 52111382 27826
1111111241222117, 211132712220 1016251242

27 25223 Dent 42 1 2126 101 62311312126520
0111211111 2111142312126 27 101721312
1111111221 22241252 222122 232 10225 101721 252 100,Ῑο

24124 12523 23225 24225 12622 23021 2432

 

