64

Anna 8811 684 81 1826 8816 Arcem 988
81100001 24, 26 8101 24,14 8101011 2, 21 8825
Annus 66, 29180 81010 21, 19 24, 15 87, 1101018101,ιο
8011011011 9823 14 8826 28 9881 Archelaus 6814
Annegsb 9825 1888 Archippo 80, 2
8110 40, 26 810100 66, 29 Archippus 77,5 7829
80019825 810110102,6108,22 810088118811
8110118810 8101100 885 881 18 sm 01000 989
Antilibanus 89,19 20 8881882 982 102, 8101109828
Antiochia 79,1 17108291081111, 8101101815
8011001100140,22 18 11819 11888 Areu 9881
Antiochiam 7813 142, 1185 1282512829 8100001000 888 9 98,
28 1888 1886 188, 82 12 11888
81111ρο11160 127, 25 14828 1489 1481 8100101101 9817 116,
11111ρο11111οω 6812 158261588 20188241888
129, 218 810110107813112,24 810000108861886
Auuu 94, 21 12828 81 181, 25 8100 8816988
8011 8 13 189 186, 82 81010 788
Aopsiths 92, 22 81010111842824 811011 44, 21 5816
Apelles 6815 7828 81010111100188711 981
Aphusoth 97, 27 8100111 3818 81101011 686
Apollo 7811 79, 24 81011 816 188 81101011 826
Apollonia 67,9 81060188 8130 888
80010882 810111 56, 28 Argob 2819 4828 44,
Appii forum 67, 20 Aradium 2, 24 17 88, 84
Aquilu 67, 14 78, 25 75, 81011100 87, 20 811101 88194817 56,
12782 8881888 810102, 26 7818 2798151720
14 8826 9816 988 8101001101 4812 81110118151829
282529 9827989 81011 829810 5825 8111119811
1524 988 181517 15818 81110098214824
10818 81 10819 8101011819 44, 22128 8118011000 146, 26
111,15 11814 116, 82, 27 988 8110101110 68, 20 9819
1812812181284 81011100 87, 19 811001815880112,
122,12128,25124,2 Aius 8821 15
12822128161888 8100118814 Ariopugus 6812
10 18820 188, 28 26 810111 8822 882 95, 811001119882
18816 26 82 1888 29 96, 27 Aristarchus 6816 27,
1885 9 18 18819 8110 8810 28 1184 57829
29188811481417 81100 85 8110101011107829
24271485 9 1484 81101887 Arith 88219827
14827148810147, 811010 886 10814 Anus 984
18 24 1589 15814 8111001185 Asmugsddon 8811
1581111128 15822 8110111889 81ωο1101111 8817

 

