91

Sem 10, 91 8001100109110 2022 81011010 1092 2022 63,
801010, 5016 15011 80315015 21 13014 14020 26

14 8001100 010100 305 27 14015
8010111 3016 800101 3021 8100012027
8011010 1025 Sene 3023 sichimorum 10‚31
801100 1504 Senem 5014 15026 8101103 309
801100 1010 2020 80000 604 8101010 4015 14020
801012016 304 senesanna 3010 810101οι0 1503
8011111024 80000 20215020 23 81010110 1506
80300 5021 15013 8101010100 10015 149,
30301 1025 10023 28 8000001) 1093 15
3014062815024 80110001 1016 5019 811100209609 1409
80110 5024 110391402714013 Sidona 1017
80111027 2017 14010 1401316 13 29 154, Sidone 13012
12 14 15 Sidonem 1103 13010
8011111501 15032 153, 80000011οτ111 4018119 Sidonio. 4018
21 8000010 15015 Sidonii 7012
8010 1012 106 2021 8000 2014 3018 3029 Sidoniorum 1504
301640155023150 8012 10010 11010 811110015020
1115031 117,2912027131,15 81000010152,23
8010110 15024 1502 15019 8130114017
80101 15017 8001 1023 25 8110017016
80101010 5017 80010 1406 Siloa 5025
Seleuciam 7012113 80011010 15031 81100 6022
8010100 4093 1502 Seraphim 5024 Siluanus 7025 707 75,
80101000 15019 801310 7015 28 709 7023
8010 1501 8010011 6027 Simon 601 707
8010013014 50151504 80103 10, 91 Simonis 704
8010 1013 6028 Semo 4015 5014 Sin 1030 902 307 49,
8001000111 33, 23 80101012 20176028 9 1505 6 8 16012
80100111 4016 8011111 1028 Sine 9013 7022 8017
8001110110 3015 8011101 2013 112,2312030150,57
80010 308 8011110 3019 Sinai 101 709 11026
80010101 1024 8011101102 20169011 Sion 3025 4012 5025
800103013017 Sia 404 702 7015 3017 99,
800101 10986026 Sibe 401 21 13027 15018
8010010 4016 811001 11018 8101 3013 5013 1503
800101 5020 Sibylla 1002 415022
800101 15032 Sibyllam 9031 8114013
800101οο 1503233 8100110100 7091 81101110 15032
8001110110 20, 22123 8100100 15013 8100 409
80100111 5022 810010 5024 6024 Sinai 2014 303
800111 15010 8101101 6020 22 8100101 5029

 

