68

3666661 8626 36666666 266 3666666666 10617
Bersabee 620 863 103, 3666666 10610 17 20 36666666 362
82 106818614144, 1062412682 366666666 362 465
82 36666616 9614 3666661116 6621 10631
3666611661 866 1465 36666666 10612 1069
Beselehel 1616 3666166666 10614 3666661166 10611
36666 1061 366666666 462 3666666666 46617 106,
36666 2627 3666666 10627 8 8
3666 4611 564 1067 36666666 3626 865 3666666616 2627 9622
1662 3666616666 2619 15627
36666666 567 3666616666 10614 105, 366666610631
3666616666 108,6 10 3666616666 1069 132,
366666666 107,17 361661618 8681 85 19
3666616166 2617 10681618 10624 36666666104,28
36666116 15620 26 12626 12630 32 366666626201062732
366661610617 131, 82183 13612 3666666166 2619
36666366 462 10615 186781461015628 3666616 2623 1063

36666316 2622128 85, 36666116 83, 30 89, 27 Beurim 8626

17 10621 23 968 1264 36666 36218628106
3661163166 2613 36166666 262710618 28 29
Betheieimeth 268 Bethenim 12627 Bithynia 6626 7620

36666166105,1 3666666166 9623 31666666 6625
36666166610616 36661666 6624 1061 Boenergee 669

3666666661 10624 36661611 103, 31 366666666 8627
366666666666 1061 3666166666 10613 3666661 88, 617
Bethemnarie 1062 36661666 2610111 3666 13630
3666666 10620 36661666 2626 36161065
3666666666 1626 25, 366616366103312620 3666 2614 10684
12 3666166 466 3666 3625 363 469
36666666 467 366616666662624 105, 6619
36666666 2628 10 3666666 1062
36666616 60, 26 1068 Bethleem 106511112 36666661 106, 18
366666666666 90, 29 14 10611 12 11615 36666 3628 106, 82
3661666666 2621 11621161612622 36666 2627 5620 72,
1166666666 2614 21 1262214626 27 10615 18 20
1082410619 3666666666 8671066 366661862
366666662611112108, Bethmereheboth 2624 36666626 4622 1
16 36666666 1066 36666687,1102,171165
36666666 1627 266 3666666666103,19 3666661868
1064 3666666666 06415 36666666 109,8 15626
3661666166 9612 36666666666 9627 3666616 103, 14
36666666 96819 Bethoron 369 10629 36610628

3666666666106,14 1061 112 Babulus 563 10627

 

