88

Puieus 1601611 1453 8116612938 3933 8611181116 14635
861661 1616166611 144, 86361116 3933 86611116 93414738 ζ
32 1455 Ragau 932 Romnum 147, 20
Putaui 616166161453 1163616 52, 32 8616111611 1473 K
Pyrrus 7033 86661161 9, 29 1431 8616166111 14639
Pythona 7032 866159306533 86161666 303 12115
Quartus 7438 86166 931 803 5232 146,5 6 13 14732
Quirinus 6430111 633 8938 9334 127, 8666166161662016145,
8665 2936 6232 7236 5 1403 1433 1463 29
7832 18 19 14736 8616166111 14631
8611615939 11616616 14734 8616111116 14739
866166 5838 86166116 47,5 1161 48, 27 16032
8116666473 11661615 803 116661 5032 i
11656661 433 Ramathaim 3637 limpha 3932
86556 5032 8631 120, 8661615661 633 8661614530
29 86616166 930 14538 86111 1473
865566118131 8661661161 1430 86111661 14636
86556111 233 5838137, 86166111 233 2937 43, 866 6533
9 1473 7 5839145311 85166661616 14739
86551633 8611116161 23,6 10437 1156116713
8655611130314634 86611615 147, 14 Rhodum 713
865161 4730 8666156116 33, 14 815613934
86516156 5531 1166665 14738 8116111939
11656163 5531 8615616161 5930 8651615 4730
8656666 47,8 86111661 14730 8656616 3938 6311
86566116 47,7 5530 11615166 20,5 14538 11656615 14532 15
86666111 803 86166 433 866616 1463
866116 633 86556 14635 Rodii 9, 19 5838
8661165 3834 3932 47, 11656 203 2937 866611463 159130 i
56232 8656666 933 7439 81, 86361116 147,5
866561 36, 17 16 116166 7931
866561935 363763, 865666661013 8661661713
112 11236 11739 8651614736 8616661 7039
14630 86516156 14732 86616616 1323
8616 3934 86666111 14638 romanorum 13931562
116166614534 1166616 20,4 2936 145, 86166116 5032
8616161 933 2938 59, 10 1463 12 8665 203 303 145121
29 7039 8832 119, 866565 5530 14637
21 1473 86666 203 116656 14532
86166 203 86166 5136 8665615 932
Rufos 473 Regium 713 8666 1473
8666161 1432 14535 Regma 5839 8616533

1503 7 Rei 433 86566 938 1430 8115

 

