132

1120112517838- 21222ι1323 21 16,15ε143
1004 21 32 : 1323 1428 21 16,16 : 1329
Gen 4627 : 337 52 17927 211623ε 152
72627 82 28 1122 2183 : 122 18 23 24 21 1636 : 13,4 14, 14
168,58 178,5-·7179, 1323 21 lm: 14526 28737
21 21 424 : 123 21 173 : 12,1214527
66146,20;121,21 178, 21 624ε 12, 19 25 26 18738
819 179,19 21 25832 133 21 173 : 1328
Gen 4620 Lxx : 828 21 625 z 123 13, 24 21 1720 : 153
1122 1314 1426 27 21 18,4 : 133
(1614621ε 3251642 21 626 : 1227 1324 21 192 : 1422
527 7,8 92101329 143 21 2323 : 1225
11920-13 21 627 : 13301428 21242 t 1213 1421
Gen 46,23:8,1611,26 21828312202713, 21253ε152
1782 25 1423 16221 212528τ 1229
Gen 4624 : 7,8 822 21629ε 1434 21252οε 1223
178,1-3 21620 : 1326 17129 2126283153
(16146281 6312128 21 621 t 1429 153 212828ε 3925
25837 21 622 : 132143 28 21 2836 : 20538 206,
(161472133014520 21623 = 1220 11 28 69
(1615020 : 326 8525 132271421 16231 21 2920 : 1329
21 12 t 1321 21624 : 12,1112133 21312ι 1226142819
2112ε 1330142024 21625τ13310 2131,6;12,14 13,5
21 13 : 15‚6 218201 1423 1424
21 1,4;12,62213,13 21 1237 : 14291502 21 3321 : 1421
1420 29130 21 3425 : 1321
21 13 : 142 21 1327 : 1321 Lon 1821 : 1521
21 121 : 133 1420 21132οι 13310221 heu 193 2 1520
12120 12324 1443 121231433023232 Lou 2421 t 1522
1452817924 25831 25934 28530 Num 13 : 1524
28629 29939 30334 211422226143101, 1111113 : 18‚5 203
21121 Lxx : 14, 19 181313 13726 231, 16323
21 1251 132 1424 27 25223 27738 Num 13 : 2039
1792415 21 1525τ 1229143 Num 12 : 15241929
21 126 : 1223 21152οε 142 Num 13 : 1924
2122 : 17925 21 1522ι1429 124, Num 1,9: 18316335

2123 : 18523 21 24033 Num 120 : 1525 17,
21 23 : 122 23 21 1523 : 14313721 25 18215 193163,
2122οε 142 17925 27723 41

212,15τ143 21152711328521 Num 1201ε 1613
21 226 : 1372 27636 18225 21137 Num 1, 11 : 15‚15 16
212281142117926 21162 : 1430 15,1 16271823
21221 : 1425 1503 29133 Num 122 2 152617

 

