82

laboemath 136‚·5 1111137 1330 635 78, 1111115311 9314 136,
1111111 18319 8 8324 23
1111111111 13382 1111111111 5325 11111111 13324
[1111112318 13322 111111116328 1111111111 1,10
111111112322188,3 11111111 938 25 1032 11111135 5311
11111111 18320 103211031588110, 111111 2320 103917
111111 19,-’5 1 2 12 1137 9 118, 13311131837 158,
11111 338 21138012388 121, 22
11111153116328183 88123878 1237 11111111 11315

11 15 ’23 18322 13381 1111111111
1111111 81,18 13330181 13347 22 Lyciae 6328
’111111113383 143241432814317 Lydda 6324 0
1111111111 18317 15322 15312 Lydi 535
11111111 33 635 111137 Lydia 6328
1111111143241637 1111111193221035124, 11111111 634
1111181111 7313 8328 25 29 Lysias 8327
1111111111 36 Libano 8314 Lym 6325
111ρί1111335 Libanum 8314 8319 11111111 7316
Lapis 13380 10310 1111111111 234
11111 13310 1111111111 18322 1111111317 8311 42,
111111118310 111111111111111 6324 19 14319
1111111111 18329 1111111111 8312 8311 1111111111 232 231 1
11111111 10330 1032 8318
1111111113182924111, 1111181111 103819 1111111310

26 1111111811 12381 1111111 239
Latinos 2329 1438 1111111 10317118 1111111111185,11
1111111111 38 1111111311 5328 1111111111536
tamum 1034 Libyam 6323 11111111 838
11111111 637 11111111 7317 1111111 3318
1111111111 8313 1111111 2318 13328 11111111237
beben 4318 11111111 1330 1111114312
1111111 13328 111811118310 18321 11111637
11111111 13318 1111111 7315 1111111111 319
111111 18318 1339 11111111 135 1111111325 18311
11131111 11320 15314 1111513611 8327 11111111 18312
Legionem 18315143 8388 10324 1335 1111111111140,20

19 14329 1111181 2325 737 188,
111111118399329107, 11111113813316 89

19 12318 138, 819 1111111 155, 25 111111111174,20 7324

18328 15328 1111111731473161238 111111111 131118327

1111135 Lucius 8325 74, 10 1111114320 14329
11111111 2323 1838 Lucullo 83, 27 11111111 1435
1111111111 2328 11111111 8, 314 1111111111 538

 

