136

100731 = 25,6 10011,8;28,28188,19 100 12303293 80,5
100 73618931 11834 2783 91318834 15038
21733 25831 100 11,11 : 25432 21834 2783 29232
10083 : 2338 20930 100 1136 : 2834 1001231 : 293 8036
100 8371ι 10438 100 1137 e 2835 253 188361563126138
100 83802636189300 903619 1083 1513 100 1232 : 26318 28,
10093 : 1273 2483 2173587 28836292, 710932 18234 266,
100 937 : 26316 108, 17 82 27036
12113318235167, 1001139 z 12732483 100 12383634 2932
87 28838 80236· 100 1131 : 2836 9035 12732 24 24430 81
100103 ε28381823 1123 11837 21734 1001234 : 8037 156,
26538 30131 80 26138
100 103 : 273 28318 100 1132 : 2336 273 100 183 : 2736
2930 11831 18532 24 25 9030 12735 100 183 2 2432 2737
1683261 25835 274, 21837 24430 91314 18 21837 68
9 100 123 : 2837 67
100 1030 : 2830 25,6 100 123 2 2838 100 183 : 9132 21931
2835 8932 10239 100123 : 253 2731 1001830 243 9135
1883 21636 28839 10831823823331 261283 21934 75
27830 26636 24531
100 1032 : 2331 8935 100 124ι 8636 21836 100 183 : 26, 25 293
21639 100 123 : 2735 293 18639 82 27931 13
10010390 2838 135, 803 13831 2783 100 183οε 923 21931
26 27438 100 123 : 273 1001831 : 18831151,
100 1038 : 27382930 100 123 : 12632 2483 22783 29238
1273 24434 100 1231 : 18236266, 1001832 t 28306638
100 10381 1163 25035 24 21836
100 1030 2 903 21737 100 1232 z 1273 244, 100 1833 : 12738188,
100 1031 : 263 2733 14 22 24434 2783
1033 12734 28334 10012381 2634 115, 100 1837 : 253 10
24439 19 12730 24437250, 1001338 : 29310934
100 113 = 2638283 26 58 1393 27038 27935
303 90311835 138, 100 1234 : 2839 9033 100 183811 2 16739
11 1673621739 254, 21830 100 1839 = 263 8036
50 27834 100 1235 2 2839 15038 1513 2923
100 11312237 11532 100 1236 : 10031280, 29831
14238 25036 2833 12 100 1830 : 25301083
100 1131 2836 27 90, 1001237 : 8035 144, 26838
111383321734278, 2 15638 26030 288, 100 1831 : 273 2936
96 68 27 813 146316435
100113 : 2837 100 1238 : 2830913 28735
100113ε 18836 278, 18539 21832 274, 1001835383 8630181,

99 17 19 21834 264300

 

