81

1611111 928 11220 23 1116111101 20926810 14 32
’ 13213 Israhelitae 728 923478101112
Isaiae 9210 14 15 28 161661612198021 94, 2122239217 9210
923 10219 1129 18 24 28 30 31 1021316 102510213 102510
30 11212 11216 19 10233 112912233 102121021328112,
11231 1127 12210 1223 13216 1325 181122112220126,
1325 7 1321621 135, 14214 16 15216 19 28 12231 18231 139,
23 28 1321423 139, 21 1523 6910 12 13 14217
10142214211 28 16666166611628 1425 15220 25 26
14212 29 14214 30 1161111111 13226 15214 1524 15226
152181522611155, 1161166 6219 1528152816
⁶ 191527 111111111227 Iudaeae 921 101,12
16115214 1111661 135,6 155,24 104,1 10216 11228
166611611 627 11111666 64, 27 301122712230132
16111611 124 5214132, 11161 210 9 13230 13213143,
18 1161615222 7 9 14210 15211
161111110291013220 11613214 Iudaeam 13225
16111161215117,81524 Iuda 2197215 724 11666112291413
16116161611122,33 8215 8224 923 18 Iudaeis 7222
161161616111,19 192122 26 28 29 Iudaeorum 22 23 83,
1616161166 1221 9216 1810221 24 26 239210 921316112
Israhel 12216222 74, 29 30 31 32 1026 12 201121519 1226
15 7220 82212530 131416 17 27 32 132111422714222
33 8213 824 27 82 1021718 19 23 113, 1524 15220
24 82339223 929 4567 10 11227 32 ludaeos 13219
319225 1021821 3311213411217 Iudaeus 22
10211 26 10223 27 11225 30 32 33 119, Iudaismum 7218
10217118 11219 112 1 2 3 4 6 7 91226 11666 6227 1526
2711281013112 122262712215122 11111117,ιὸ
231222312229130 2830321224 56 111111116221
1229141632125, 22 13216 27 29 30 Iunia 7215
711 1311416 12225 31 13212 3 8 10 13 Iustus 6217 7211
122191223013230 18134,9·135,22 26 Karthaginem 15231
132691213217135, 32 33 1329 13 139, Κ61116ςίι11616665210
181321625272829 15161714218 20 Κ611111615230
132221422914230 15251011121617 1116111124
142917142182428 20 21 25 26 28 32 11611116 2219
29 30 1422 15226 1529101115218 11111126
121331 15219 155, 321521915230152 16161611 1322
16 15215 16 1528 11 12 16116111321
161616161111216 Iudae 8225 26 28 29 1111166661 8224
1611116111 9230 11226 821245 62089, 1161662222
1225 22 929 30 927816 16162219

Β 6

 

