77

0011110110 853 1253 Gerasenorum 6436 00101 22, 21
13134 0011101 12537 00101111011 12737
0011110101 137, 10 00110111 127, 18 001101 126,14 22
gebalitica 15532 Gergesa 13038 001101116132123130,
0011111 503 0011011011 2232 25
(101111 1303 (1011001011 634 0011011 3534
0000013230 78395, 001101010111112530 Gom 38, 23
31106,13110,15116 0010011333 001101633 51,10
116,12123,30142,29 00110173 00110113,1958,1
00110011 18, 23 0011011 13,14 Gomorra 637128 7231
0010113538 00101 73 125,4 7339 74,13 12433
0011111 12732 0000111 12738 (101111 423
00011 129,16 0011012735 0010111111 42317
(1011112732 (101111293114039 0001011 2733
0001110101128,14 0011112230 3536 127, 00101 127, 14
00011 42,8 19 0011011101 11538 30
Gaia 130, 12 01112735 12735 00101423 soa 9734
0010110111 6131 00110 1293 1303
001011011 1283 001100101012739 010011 1535 1733 19,
001111111 12933 00110010101 12932 16 29 21,4 22,4 253
001100 3537 129,14 0011000 2737 26,18 28,16 2933 35,
001111 129, 15 0011111111 1253 2 36,11 4232 4632
001101 12732 23 24 0011011 5932 1293 47,7 20 29 483 13
0011101 125, 13 0011010101 128, 13 5138 55,7 61,5 683
00103832 001101 6, 29 0100011 1,5 14 17118
00101 128,5 0111111 1293 01000011118837
0010111013833 00111011110128,1 128, 011000138381483
00110101303 140, 17 7 23 0111111933
001000111110732129, 00111010116132 130, guineneem 93,4
28 22 0111111303
Gennesar 6131 01101 12932 0111173 13, 18
Gennerar 11132 011101 4830 1603 110 1603
0001633 124,11 010 3832 Ηο101 14432 1493
001 12930 0101 12939 Hebraei 1732 293383,
Gara 73 8230 3833 011423 25126 85,12 29 8939
0011110635 12435 01101 1283 100,118114,30 133,
0010111173 00112933 25 1383 14937
geraritica 124,15 144, 0010110730 Hebraeorum 12,7 49,11
33 1453 7 0000110 42,10 52,19 5338
Gerana 125, 29 0001 13, 16 Hebraeos 2,415 10103
00101011893 963122, Gog 5134 5730 eale 4261933 22,18 38,
11303113439141, 0011112732 28 65,19 25 69,4 82,
22 001111283893712533 7 112,10 142,7 9

 

