125

y 9111111112925729551 919111815218452198, 1116 24752 95 257,

99119 29942 62 29154 95 29966 14 26254 55 26989

· 91111911 17993 18451 30151 28153 65 66 284,27
·· 9111117259 17751 184, 9111999 19971 22557 29993194

54 26251 994911919129052 30995
9119119111 19857 9199 18949 19963 994911999122755·

1191 19919 11111 19191 1519951519

111191191515111 ma», 183,30 11119151 19159
- 191999111111 aqu» 19119 9111591919
19119999 mm 11199 19151 1511519111

.’ 9119119 2305 19963 2045422987 ooo 29657
’ 9119119918452 23998 24922 2945829654 9999129924
- 911199 17990 18458 9199 29359 20 29961 9991111 19973 29651

19859 25949 amoc 19972 vnvm 29456
.. 916199 17931 18967 911999129157 nunsula 17919
’ 20453 28943 919991191191121553227, 99919111111119966

91619911 18157 36 22990 24751 99919μ111ς20451
.· 91691991 27150 27554 2491111226754286, 9991111129456157

2994 83 9991199191 19974

‚ 911111 20452 9199999119 22250 227, 9991111 18457

’, 91818454 38 23754 25972 9999 24052 252,2
ottavo* 19949 26257 9999 1911ηρ 29552

., canday 29925 9295911941121550 237, 9999119991 17934 198,

91111191 16941 56 66167 20458

,, amon 19960 9119111191 19972 9991111ρ 29993

compa 19949 σμυρνη 19973 99911119 29993

’ 91111119 18456 29955 9911128656 9999919119855

29554 99691111 17653 19964 9999919918451
9111111911 29756 20455 29964 65 9991991111 17967 20458
9111111199 23969 29154 996911111920951162 274, 9111111991 19967
9111491 19961 1 29967 77 cvm 19968
91491 19961 <rodopam 23154 9911111199126750
9119911991 19970 9969119111 21982 24926 99μ11991725017759180
1111191111 17751 18453 25949150 29974 17988 1997520451

19962 99999 29759 22258 49 50 22351
9111911 18452 19960 9999127750 52 234500 2355 11

20454 mxu) 29352 39 23933 34 35 36 255
9111 20450 9911χ19928550161 291, 77 78 80 26156 30
9111919919 19970 90 29354 27552 27923 28758
σιμων 17653 18940 991111 20450 5 20924 26 29452

20459 99191199 17993 18940 991111919121158213,
91919971 20454291, 141 18450 2275439 45 49 50 21650011

93 94 23972173 23991244, 21986 22920 32

 

