142

11631422 : 16625 1163113, 17ε 1442 116312027 ι662

11631 52 : 1292 246, 26626 116312021 : 9625
73 11631 16266 15627 22620

11631 621 : 16427 29525 11631 212 : 3420

11631624ε3529 1163114231402 280, 11631212ε3θ22

11631626ε 6621 50 11631212 2 12028

11631 62912111ε 6529 11631 142 z 362140, 1242 163, 52 2562

11631 621 : 65,4 10 28021 60025

11631 72 : 64213526 11631 14,3 : 3424 15 11631212 : 3522168,

1163 1 72 : 6426 3523 17129 45

11631 72 : 16824278, 11631 14,4 : 6426 66, 11631 2121 ε 6429
98 26 10622 15623 18627

11631721 : 6426106, 23624 11631 222 16625

27 23829 11631 14,25 2 16421 11631222ε 14021
’11631722ε 10626 26626 28122

23820 11631 1427 : 3624 11631 222 2 3421 96,
11631726ε 12627 116311429ε66276 2722621

24329 16922 11631 222 z 16825
1163162ε6422 662 116311420 2 3425 116312229ι14220
1163192ε64, 13 21 3622 28421

65,4 6621 11631 1421 : 3426 11631 2220 z 6421
1163 Ι 92 ι 6622 11631 152 : 3420 65, 116312324 ι 14026
11631 9,4 : 6622 156, 15 3624 12420149, 15928 25826 26124

12 14 29521 82 26 24023 11631 2329 t 3421
1163192 2 6623153, 11631152ι 6426 372 12025 13220

16 29524 11631 1524 2 6427 16523 16927 2562
116319226352106, 11631162 2 16922 26628

90 23621 11631 162 : 6520 11631 2624 : 6620
11631 926 : 16429 11631 162 : 6625 16927
11631 102 : 17220 11631 1623 : 3521 11631 23,247; 1652
116311021ι 662161, 11631 172 : 3427 35, 25729

11 116625 962322628 11631242 : 11922
116311026ι 6524 11631172112222259, 12224 25027

12820 24626 86 11631 242 = 9629 226,
11631112ε3423662 11631172ε3524 26

16726 1163118,19;6426 362 11631252 : 110,31
11631 112 2 3428 11631 1928 : 6622 1132 27226 30222
11631 1124 : 3524 1462 284 25 11631 252 z 3422 36,
11631 122 : 6424 11631 1922 : 3625 12
1163112,11; 6428 116312029ι6426120, 1163125241352625

362 11256200 1292 16225 24627
11631132ι662140, 11631232οε 13627 11631262 : 16428

5 26027 16121 27528 16927

 

