156

111111,15;11,11 111111,46;11,18 11122116421
matth 1029 1 18730 17524 111 32 1 6328 30 64.
1111111112416128175, 1111111 2721119628 327 652 18 1353
14 22623 15524 1752717624
matth 11211602161, 1111111 27, 56 1 6221 54 55 26833 29853
8633 10731 1142 17523 111331 6427171145
174,7 17631 2392 11111127371633 11132316428
30327 11111331 6322 27 111324 1 6428 29
1111111 14,3416121 1111113271 66317635 1113251642 5 13
175,10 11111 328 1 6324 6531426 6631 176.
11111111522121 176, 1111113221 17636 42 50
32 1111152112530130, 11132616526
1111111 15, 39 1 62, 20 18 24221 24824 111 327 1 6525 23 26
14120 28231 11111521 16329 176, 1113281 64,5 11 18
111111 16, 17 1 60, 22 32 196520 176,42
174,718238 18320 111117341642 176, 1113,291·6429 653
1111111 1831 6121 37 17627
111111120291 623132, 1111118201 14121282, 111330 1 652
1 17529 26522 82 111 331 1 6429 6525
1111111 21,1 1 6024108, 1111111026 1 6620132, 17630
1 13928 1753 2393 1 17635 26522 111332 1 6524 27 71,

111111 213 1 6229 1111112291 6322176, 15
1111111 21,171 60, 26 36 11133316523

1083 1753 23920 1111114361 6320176, 111 334 16321 6525
111111 23,7 1 633175, 35 1113351 64232265,
30 Maro 1520 1 6326 23 27 28
1111111 2333 1 175,10 11111 15231 6320 96, 111336 1 64311 65,
1111113151 6027 27 19 17634 22623114 5 16 28 1762851
63261733311 1753 111 1,5 1 64317 176, 1113371 642330 65,
12 4043 44 10 11 176,42
1111111 2425 1 6120 111 1,15 1 6524 1113381 64314 65,
111111126316030175, 111 1,1916424 2817623
20 111 126 1 6425 1114231 17627
111111263616122 1111271176,49 111424117621
13022 24828 11112812033 11142616530 171,
1111112731612175, 1112216429 176, 52
21 39 46 111427 1 6420
1111111273 1 6028 99, 111221 642) 17626 111431 1 6421
20 22936 111222 1 653 111 438 1 662
1111111 27, 161 6028 11122516525 176, 1115316528
1753 53 111520 1 17625
1111111 27331 6122 111236 1 64,421176, 111527 1 17636
1302517521 24821 41 55 1116241 6422

 

