78

14622148221502 166666 4222 1616111721

15529 166116 10221 1382 16116512210326
Η6616666 9021112 16666 729 6127 782 1611661828
Helcanae 9627 8324 8421 852619 161161 28210325109,
1161166742 12129 1232 7 124, 23 13225
Heliopolim 9821132 24321252 12721 1611111616 13226
Heliopolis 1442 130291352113629 16666392
Herode 10327 144221452014821 1666613325
Η6161166 112, 30 14922 15421 1552 1661116182
116166166616742 166666 7522 7628119 1611667225
1161661116 119,5 1611616 1342 1666616 6920
11666166 742 1661 3226 16666 1827 13125
11616 1602 1111616721 16666 1828502
1116116 1172 1666 28,5 18 392 16666 722
Hiericho 10220 1032 16666661 28, 14 161161 1826 282 5423

10 1611616 13322 8621 24 13128 21
1116116666 102, 16 163661 392 1666 1342
Hieronymus 83‚15 Iagur 282 13220 16661661 6921 7924
Hierosolyma 9227 1661166661· 392 1611116 392 462
Hierosolymae 14920 166161 28, 14115 11111666 4822
Hierosolymis 141,4 1611 192 332 42, 12 Idumaea 6322 11626
Hippum 9124 11620 11028 18226 1252 13023
1111661 38, 25 161166 652 1116166666 10229 149,
1111663825 16161 1829 14 1582
Η16666616 3826 lambres 7821 idumoeorum 852 108,

Hispania 752 161616 725 1324133, 26 1302

1116166 38, 25 23 Iebger 392

1161 123, 31 1661661829 16616616 28, 12 4527
1666 392 1661661 13227 12921 13328

1661 13421 1661666 78, 21 lebna 132, 14

16616 392 1661616 13228 16666661 1322

1666 502 161661616912110425 1666666661723

166661 102 1292 166661 1323
16666 332362 16616661 724 13, 24Ϊ 16666 32, 29
16616 282 3225 902 1666613123 16611666 3229
161111 13229 166661 6429 16611666 13328
161116 9522 13427 16666 13320 21 16611616 2821
16666661282 16666 2821 1332 16666616 3529 5428
161166113420 166616 2820 1332 166666166 622
16116672118281232 1666613323,Ι 16661666 13425
13029 14622 1611166 1826 16666616 2822
16666116 462 161611 6420 166661 13321
1661116 725 13, 24 16166 7, 14 1666661 282

 

