144 '‘

343 Π 1312 : 3312 343 11 2325 = 37, 29 3431Π 2 4416416316
3322 12322 24388 436 114313 33 : 4324
343 Π 15, 23 : 1133 114311 2326 : 37, 21 1143 ΠΙ 35 : 4⁰,18
27382 33, 25 49, 19 16384 3431113274 4326
343 Π 1332 ε 3313 343Π 23274332122 1143 13335496 : 49,
4314 1433 28329 343 Π 23271 : 16339 19
343 11 16,5 ε 335 23 1143Π2328 : 331316 343 ΠΙ 339 : 4319
343 11 1317 z 3323 437 343 Π13,4ι 1235 244,
343111325 : 3313 1143 Π 2329 : 3321 11
3316 338 3324 343 Π14,2ε49,1943,9
1143 Π 1323336 39, 1143 Π 2339 : 3322 343 1114‚3: 432941,
23 1435 28321 332923 3316 17 26
343 Π 1321 : 3312 3431123,31;37,2324 3431Π4,5 : 433164,
343 Π 1323 : 17338 338 3318 79
34311231 : 336 40, 343 11 23, 32 : 3314 343 111 4,6 z 432921
3 16355 338 16335 24
34311 2⁰‚7237,14 38, 34311 2333 : 3324 343111 38 : 41,6
12 29 343 Π 233443323 11431Π4,9ε436718
1143 Π29,14ι38,7197, 3319 13 16335 27 4329 4319 149,
6 11317 39361 343 11 23, 35 : 3324 29 28365
343 Π 2323 : 335 6 3321 437 343 ΠΙ 3194 432241,
1143 11 23244331415 3411 II 23,35?: 16398 214311
336 1143 Π 2336 : 333 343 mmo? : 16361
343 11 2325 : 4334 1143 11 2337 : 433 343 111 311 : 4325
1143 Π 2326 : 16384 1143 Π 2338 : 3324 4329 1436 28327
34311 23833315 39, 343 Π 235 : 339 343 ΠΙ 3134322 41,
12 16358 343 Π 24,6 : 339 18 21 431119 431124
343 Π 21,16 2 337 24 4311 937 163199 9311 13325 14326
16369 22332 271532416339 227,
343 1121,18= 3323 3433 237 z 14324 35 26339 28363 64
434 15 12323 247, 28361 29392
89 343 11 2316 : 3325 343 ΠΙ 313 : 4323
343 112319 = 337 162, 939 22333 436 12 437 9316
32 343 11 2318 : 3321 143311635722739
343 Π 238 : 3317 3431Π 334 4317 439 28316
343 Π 239 : 3318 343 ΠΙ 38 : 437 343 III 315 2 437
3431123,11;37,1819 343 Π11,9 : 433159, 343 ΠΙ 316 : 438
1143 Π 2313 : 3319 29165,89253,53 3431Π4,19ε41,2143,6
3319 17331 1143 ΙΠ 311 : 435 343 ΠΙ 331 ; 4322
1143 Π 2329411319 3431Π 333ι 12329 11431Π 3444325157,
3319337 24395 25 26354
343 11 2324 : 3329 1143 Π11,38;42,5 3431Π5,11 t 431518
3318 1143 ΠΙ 344 : 4318 28 431 39

 

