86

11060 14230 Ncrgol 522 Obod 62129
110001) 14225 11011 8215 0001110426
11001100 523 110110 521 obeth 3213
1100110 4223 5215 11011301 1427 0101110000 39, 21
1100110110 46, 27 1101010011 14210 oboth 14217
110010 14227 Nosib 4227 0000 29, 21
110010011100 521 Nosrsch 46, 26 00110 144, 29
110010 3216 11011100 4225 0011010111 211
11001000 1217 1101010111 3216 001101100110215 12230
1100011) 14218 1101011 1429 0110110111 3215 11221
11010111 1426 Nicanorem 7212113 14228
Nelo 1215 11100101101010 3229 odollamites 212
Nosco 3215 Nicolaum 7213 odsi 3218
1101011001 14213 1110010οε 8217 ossa 5213
110110 14228 Nicopolcos 12211 0011 1214
1111110111 4225 Nicopoli 7227 9226 osan 1221
110051011922830112 Nicopolim 8229 106, 01015216
29 415 1222 15219 0101527
Nemesim 14211 Nicopolin 10232 osor 1422
1101010 14232 Nicopolis 1227 Olim 9, 13
1100111111 5217 Niger 7214 0111 216 1222 426 59,
11010103 14226 Nilus 12211 2814221 23
1101010111 24 522 8225 Niniue 25 4225126 50, 0101 3215
1100000014228 18 5213 14226 28 01101424
1100111128 11101100114,15148,14 00221 426 8232 88,
Nepsam 14220 1110101100 6217 34 10224 1123132
11001011 8230 321718 Nisibi 8227 3215224
19 20 21 23 11231 Nos 1216 2214 030 2221
15222 110100 14229 01110110 3221
11011011029121062 110110 1219 3212 010110 523
27128 8233 10220 1100 24 5211 6216 01110 423
10267 81128312 725 7211 823 1125 Oli 2216
1122311223120,8 11οο0100210 01101) 1214
122812227132710 1100011327 01110010 211 14227
11 1323 13225 26 110010οι0 23 01100116220 13214
14225 1422014213 1100011100 4225 11214 1121113223
231522315212152 1100111 3212 011010017224
3 Nun 4226 1628 01001 217
1100100 2212 Nymphcm 7217 01001 1213
Ncpluim 26 0010 2220 01010001 1428
11013212 011011 1228 3213 9223 00101101 8226
Nereus 7223 1821 00110 524
11111ςο14224 obath 1223 00111 422

 

