810010 3013
Sisenes 9532

02

Sopher 4016
Sophim 9017

Sisarem 11032 15731 80110010 5230
Sor 1436 3021 5013 Sychem 11,1 71,9

Smyrnae 81,4
Soel 144,4

Soba 3634 3026
80101 3026
801001 402
Sobel 11,3 109, 31
8010001 50, 28
801000 4739

1502
80010 3012 4011
80010 15131 29
0001011 15134

8011010 2024
810001100ιο 13033
Syohsr 15431

6027 7138 15432 Syenen 13738
Soreo 3024 5034 1500 Symeon 1030 1434 65,

Sorech 15234
Sorihel 1436

Sosipater 7130
8001101100 705

25 8131513215157,
4

Symeonem 104,10
811000019434 15 10

8001100110 71,19 7537 17 19 103 32 104,0
8000101114,2921,1 36, Solymo 14020
25 14031 14033 8110010703

8100110 704
81011000 7027
Stephanum 71,ss
81111 15016

800101110οο0 47,18 Stratonis 91,12

800010 5025
Sodi 2012

Sus 58, 27
800110 308 3023

Sodoma 1018119604 8010 4013 15023
73,2175,11281,6140 80100101 404

8011110100 1409

800 1029
801 3023

Sodomam 14834 1406 80100 2025

Sodomis 70718

Sufir 5027

801010οω080633100 801604
2410413 14029130 801010 15017

14029 15025
8000 15019
Sosns 5024 15433

sunamitis 15018

8000111403 4732 152,

16

000000010000
mmwmswwwmlmmo
1οΜ00οῃ0000001

80610 3019 15011
soor 15025

Somer 4016
Someron 15038
8010110010οο01 11,6
800001 5028 15018
8000110 3026

Soni 2021

Sonim 3017

8000 2014

23 1501
Surihel 2010
8001000001 209
Surorob 3020
Suseoim 401
8000000 5019 602
Sosi 2013
Sosis 5020
80101001 ll, 13

1005678910119,
20 27 29 1301 139,
9 140513 152, 12
156, 32 160, 14
810000108531 801
0000000
49017 92790425
97,7 90916 24 905
17 104,19 1001 18
10018 1073011135
115321101821 120,
12113131141213124,
3 12732 12017130,
31410111 13231133,
2320 13436 31 134,
3211301 130413018
1301912029 139311
32140141724 27128
30131 14139 142318
13 14437 14731411
19 15014 1504154,

Syracusae 7135
81110 1132 3017 71,17

7022 12021
Syrios 147313 15012
Syris 10016 14010
Syrtim 71, 23
’1010113026 15014
’101001 11,14
Tebehel 513

 

