04

Thogorma 1018113 59, 11027 11024140, 26161604

715013 25 Zaith 409
’10616 1024 104 207 Tyrus 3020 5014 68, Zamram 1028
Tholad 15032 27 15022 15012 2666612015 404
Thomas 6010 706 Ualeriani 010 Zannohaa 15012
’1066 3028 Uapai 2012 26666 306
’106061 1017 506 Uan 408 1604 26666 15013
Thyatira 708 Ul 1026 Zara 102 6013
Tiberianam 11030131 11161 5021 Zarath 2018
1202713015116 1116166166610013 153, 26166 5011
Tiberiadis 180,20154,8 22 Zara 2014
Tibariaa 8016 Uilama 15024 26166 1509
110611111029 111105304158,18 26666102
Tiberina 6028129 Urbanos 709 260 301 13031 15026
Tigri 704 1166014014 26061 305
Tigris 11012 1502 Uria 4014 260666666 6015
Timonem 7026 Urias 10029 26066 409 11015
Timotheus 707 Ua 1026 15026 27 26061 34,1
Tina 1509 Uaam 1026 Zoohri 106
Titanorum 11025 1166101 4015 26161666 2015
Titum 7010 Usi 4014 Zairona 1508
Tob 15015 Xil 15030 261166 1023
Toieth 15016 Ymenaeur 7027 zelotes 6024125
Topazinm 605 2606 44,6 Zomeri 21, 14
’1666οο611166 1003 26066 403 Zanam 7028
’1666οο6111ᾱί6 6030 2606616 406 216 15026
’116606610613067150 26061805 211806 150111418
24 Zabulon 1029 106 63, 19 21
’106666167028 7010 14807 90202123 2160661301
’1666617022 36,81001116110,1 26666100282980140
'ihofimnm 7022 214 11023 11012 24 6 28 15024
Troglodytae 4, 27 110781201314120 ’266166 14013
Tryiaenam 706 2813031112 13084 Zoaram 1201213024
Try-ioaam 706 8 13020 1402427 18024
Turrenria 6022 140181501815156, zoeleth 44,”3 15029
Tychiona 7019 33 Zofoim 1502
Tyranni 7028129 zabulonites 301 Zagora 15023
’11611101011010120 26606666 6016117 Zoob 2018 1505 6
26 14024 266066165046016140 Zorobabel 52, 26 6018
Tyrii 7027 25 15017 Zoaomim 2015
’1166661612025 14018 Zachariae 9010 zozomin 103.
Tyro 6027 Zacharias 909 12028
Tyrum 9014 9014 266066 2013

 

