137

111 1111 = 1111 111 111111111111111 111 1111 ι 1111 111
111111111511111, 1111111111 , 111111111111111,
1 1 11111 111, 11 111 11111 111111 11111111111111
1111111 111111111111111, 111 11151 11111111
1111111 : 11, 11 12 11511111111111, 11111111111111
111111111111 11 11111111111111
111111111111 111 11111111 111 11111
111 1111 = 11111111, 111111111111111 1111111 ι 11111111
34 11411 1111 1111111111
111 1111 ι 1111 111 1111 ι 11111111 111111111 11111
111 111 1111 11111111 15111 111 1111 ι 1111 111
11111111111111, 11111 1111111111 11, 11 111 111, 11
11111111111111 11111 11111111111111
292.ss 1111111111111 11111
111 1111 111 111 11,11; 111 111 1111111 11111111
11111,1;11,1111111,· 11111111111111, 11111 1111 11111
11111111111111 111111111111 11111 11111 ,
11111 11111,11;11,11111,11 111 1111 ι 1111 111,
111 111 ι 11111111 1111 11111 11111 1111111
11111111111111 111111111111111 111 1111 ι 11111111
1111111 11111,11;111111,1 1111111111111,
1111111111 1111 1111 11111 1111 111111111
111111111111111 11111 11111 111, 1111111111111111
1111111111 111 1111111111111 1111 1111 11111
1111111111 11111 111 111111111111 1111111111
111111111111111 11111 1111 111, 11 1111111 1111 111
1111 11111 1 1111 1111
111 11111 11111111 111 1111111111111 111 1543: 111 111
111111111 111 1111111111 111 1111 1111 1111
111 1111 1111 111 1111 1111 11111 111111111111111
111111111111111 111111111111111 1111
11111 11111 11111111 1111 111
111 11111 111 1111111 1111111 111 1111 111, 11
1111111111 11111 1111111 1511111 111111111111111
1111111111 111, 1111111111 11 11111
111111111111111, 111 111111111 111 11111,11;11,1111111
11 1111111111111 1111111111
1115111141 11111 1111 111, 11 1111111 1111 1111
111 1111 = 11111111 111111111111111 111111111111111,
11111 11111 1111
11111111 11111111, 11111111 1111111 111 1111 1111 1111
11 11111111111111, 11111

1111111 1111111 11 111111 1111111 1111 111

 

