109

mm 11361 11115 55 111111 1111111111
1111111161 111111 maa· 11161 1111111 11111111

25364 2656 27964 1111111111 16467 17768 4116171111 16461
1111116460 17861796918267 capt 16462
111411116460 19168 20269 22166 4161616462
111411116460 22268 2336023869 capu 19160
mo 25764 24464 18 24663 66 411611616462
1116116460 25764 2656226769 (umam 16462
111ρ11111416460 2706828361 29060 111611411116462178172,
1111416461 612936229467 295, 5115217761 17866
sowa 16461 80 19167 2026822368
11616461 swam 16468 25464 54 57 2256 28667
1611112566 25765 42 24560 51 24764
1161114 255, 87 26665 εφφαθα 17667 250607125562261,

29464 1χ1411 2566 27 26767 69 72 78
116114111116461 111411516468169 27167 48 27260
11811111 25460 1χ511161111116469 27467498 28864284,
11811111 16461 11111646417965191, 19 2876 29468 55
1161616461 56 20265 30267 64
1111116111 16462 11111γρ11120560 ζαβουχ 16463
wopa 16462 1111111 164, 64 17467 41181114 16468
1111416462 2116 26869 28460 41614611 16464
1111114 16462 11111111 24263 tama 16464
111111111116468 11111111 21764 24262 6116416464
11111111 16468 17765 2436 40417446164174

17968 36 19165 11114111816825168499 (aqam 1746917568
mar 25462 11114111 19165 18263 1916920267
11116111 19165 111 16465 ζακχονρ 16465
mmm 16468464 111411 2526 §axla 16465
1111111128962 1114111 16465 25165 1111116465
ισφαζ 16464 20862 sappus 16466
εσχωδ 18167 1114μ11ρ161α 16465 tappet 16466 29264
wop 25460 1111111 18261 tamem 16567
1111911 16464 11116111 2076 {appo 16567
111111 16464 cmxv: 19166 4111119 16567
111114 16464 emm 19167 ζαν 20268
cvm 24561 11φρατη116466 80662 Caranum 25868
1φ116 16466 17467 wopam 1746 19166 6111616567

18562 19167 20060 20268 2526 (arm 16567
1φρ1111μ 25464 (apud 16469 (upa 16568 178, 98
1φραθ 20267 4116116111 16469170 20265
mm 1826 23165 4116111 16460 ξαρ11111656ὃ

25164 252611 267, 1116111116 16460 1111111111θὸ,79

 

