106

γολαθμιιειμ 24284 &repam 25271 &plump 25285
γολπν 24275 demumr 2425 &upupa 17259
γοιγοθα 17211112 189, &moravos 20246 mappa 17227128 262,
1 2926324221 dammum 21215 41 27270
γο1γω1243,88 &apuam 27285 298, δεγωην 182199
γολιαδ 1822 56 (2248 19217
γομερ 18258 δαμασκος181,78190,22 duflum 25277
γομορ 1822 29265 24289 &appar 22264
γομορρα 18212 29259 δαμασκου 2229119 227, &mma 25263
24226 49 22278 252969 deam 19226
γοσον 24219 2629192 28224 289, δικαπολις 25289
γουφνων 2227 2428 35 29218 29223 ὡκδερα 19224
γοφνα 80294 89218 32 δενδωρ 29273
your 24239 &apra 25270 dnm 25265
rosta& 2424 (261725217281 172 6185725279
γωζαν 22247 98 19217 29265 demea 19219
γωνιᾳ 21212 21257 22290 2823 «2176419219
1712721722 23248 23249 66 246, move 26297
dapne 2525962 25245 52 58 24282 25254 &mmm 19225
&esteten 25258 25286 87 25281 260, δηναρων 19220
δαβηρ 18218 5 26235 26249 264, «7211121722 19229
«rapae 17298 17289 100 2627879 80 92 &wulpen 19226
182419223 20267 27228 38 34 29239 duam 24242
2222180 28224282 29263 65 66 διοκαισαρικις 21292
8586 2427888 252 &anal 17271 18261 21256 2226922288
725266 25237 258, 19218 20264 189 25255 26228
41 44 25287 26251 δανναβα 24235 28255156
26226 26287 27238 dama 24286 &toronos 19221
27271 28258 54 288, «repam 25282 dnos 29253
14 15 20 29225 δαρωμα 22216 18245, &mannhun 21293 219,
duppe& 25272 3624255 25269 254, 84 22218 28215
darm* 1821423214 15 69 71 25279 26282 28293 2424024259
23242 26244 2625126288 2624 26286 27242
διεδ 25267 27212 2828028234 28259 28211112
&adar 25284 29226 80252 &comm 21245 2225
war 18215 &comper 24229 22246 28295 24222
δωβων 24242 &uetur 18281 &mohs 19227 25283
δαιρωνγαδ 24248 dmm 24225 δοθαη 19228
&andan 25286 ctam 20264 24285 &oppam 22219
damur 25264 26229 2822529289 doum« 25268
&Ma 1821 19216 29291 &pne 182199 25274

29276 mm 19218 oen< μαμρρι, 2227

σἀμαρις 19217 &salaba 19218 δυσμαι μωαβ 25249

 

