65

2111001011 1161715611 20019614 2010 7619 7626 762
Armenia 619 4628 20010601 4623 76298610
8627 861218 968 200101011 864 201001467
11613 14619 2001110011 627 Anima 98,1
Armenii 367 20010101 9621 2010130501 9621
2111101 3616 2001010611 2622 2011 1611
2111011 8615 2000010ὴο11οτ 861 20110 1614
21101 15, 25126 28, 27 2000101 26366591, 2011010 169 2610
4613 864 26 90,24 18 1268 2010 92, 28
186141567 Ascalonem 9620 27 20011616 2623 5615
2110100 36819 96221468151,28 20019615
211010 8614 866101, 200010110 963 2001 2623 3614 4619
11110 13130 1560 1001010110 5011 1611000 0 10 95, '
211010111161819137, 20606 2626 9630 91, 21 11625 1266
8 141, 29 14 20101101 2615
21101111 968 2060611 24,2 200001 268
21101ἱο 8616 20060011 98, 28 200010110111 9612
2101160111 4622 2006011061 5610 1100066111 9613
21061 15,29 20060111 865 6 963 2000110 9610
21001 166 2628 53, 20011010 16, 14 85, 36 20011621 15,23111,
15 8625 30 18620 862527 31 11614 14626
1410110613, 14115 2001061 613 14613 14612 14614
21011016 4616 200110 9619 200110 9610
21106 16248610 2001100111 624 20001111 56, 25
211014616 1100167166 2616 Assyrii 15632
21001101 56, 28 26 5627 664 8610 200111οΝ116169621
Artaxerxes 563 ,9619 9628 9632 95, 9628 29 80965 961
216011017624 l 2 3 48 9 10 12 1067 11610116617
21601110 6615 15161061419 110, 81 11622 30 11614
’ 211000111623 511626 27 11630 1161012628133,
21011965 1264 1868 1862 201211462614610
211100 8625 18621 146319146, 14612 14614
2110 4624 17 1314611 152, Assyrios 1563
200 4626 5618 669 22 20101061 61 2618 25,
962014691563 2001013624 43613865 8632
2006060 861 2001601 4618 862 10617
2000 365 20010101 161 2601101263
2001 4621 468 4616 2001306110 269. 20111001 92, 26
200110136205229968 2001111 8629 2001101100 9616
2011104625 2001101 665 Anto 9627

200110 4619 20010011 1619 21, 22 1011010056110
20011010 265 8626 27 28 2010100 561
20011124, 23 8624 968 2061100 5629 2011115863

 

