72

1766161661661721585 12817 18828 140, 102,20114,81121,16
11825 12818 20 12810 1286188816
176566 1187 17166ρ611657,16.11828 1888 18816 18810
26666360 11818 1716166166 7810 14 14827 1489 15
176566 131, 17 171666 812 148101582815882
1766616116 11829 171666 89 1589 1582
176616 5,5 1716 41, 19 2066616 11822
176066 85 54,8 11826 17606666 84 4829 116, 20661189118811881
1760666 2829180 19 2066166 1827 287
1761666 1821 17666 3812 2066 11882
Deloth 4815 Dommim 9824 20661 27,19
nemas 789 785 884 1766666 2880 2066611828
Demetrius 6816 78, Dor 115, 22 14814 216 88 184 585
10111 [7661761615 11822 2161 54,12
nonna 1181 17666 115, 28 21666 7819 789
Dennaba 818 5819 norae 18827 2166666 6828 7820
06606666 6817 1761561668181188188 Efesus 8817·
1766566 6814 18 26 5826
17666116482811818 Drusilla 0817 21616181 889
17165616 7817 Drys 11816 11811 6666611666
Diabolum 7819 176561 1818 2166166 826 1825 66,
Diabolus 61,9 8816 176666 88 2828 1184 15 8812 986 25 27
171666 6815 17666586 10880 1085 10824
Dibon 1819 2825 584 Dyme 11661) 11814 25 1289 1288 12
11878 11816 E 4818 128281888818820
171566μο 1820 206186 2814 148211482628152,
17166666 4828 2666 819 6818 18827 1 6 158111
Dimon 9818 2666161116 1181 21661166 824 8810 48
1766666 2826 11882 256661 8816 6822 75, 17 11815 11811 14
1716688 20 787 11816
Diocaesarea 158112 216666661828 26671666 10814 188,
171666666666 882891, 2566666 7826 7881 16117
59826 982412817 2566166 6880 2166116666 11820
15824 2161615 12, 28 2166111166 8812
016666666611821 21666 12, 27 216666 987
Dionysius 6814115 2566661829 11828 2066 822 11880121,
1716666666 6818 256156 4814115 10
171661616698410812 2661612815 2101661661 12814
1281 24125 14826 Ecdippa 9818 281616 581
1587 265616 12815 23166 281 11821
1716666116 8810 9826 206681511882 2116822
98198119818108, 2066661181 216 87 488 12812
27 10815 10829 20666824 1829 9817 2166061829

 

