139

1081421841715412 Ιοο 14193 24232411 85 26476 27424
29452 3418 9428 30 15419 28488 29462
Ios 148 : 242228 94, 22461 6429458 Ion 1484ι 2417 21 95,
1415 10429 1045 Ios 19,20; 24242411 23 1347 22486255,
22448 49 28497 286, 841 9431 10488 32
33 14414 2246527446 Ios 1435ι 342 9418
1414412423 2410 100 14211 2426 2418 19 11428 14428
1046 11425 15482 19 841 10413121, 15412 2248884207,
28484 25476 3812481345 146, 42 30448
Ion 145 : 2424 9416 16 28439 25478 76 Ios 14842426 27 94
1047 22450 26474 2846 29446 21 14419 22486
1081461 2424 10410 Ios 1422 ι 2427 8418 2849
184127422 342 15421 15438 Ios 19,87: 24191148
Ios 147 : 2428 9417 26427 29460 11431 1246 25485
19 114271544 228, lou 1425ε 2427 2412 25470 27454
51 52 25478 26430 2416 9482 10414 100 19‚38: 2428 2418
1oe19,8:25‚2526105‚ 114801443 22466 2415 249 10416
89 28435 86 2844025481 28465 1042018411 18426
los 1410 : 8417 152, Ios 1426 : 2424 2412 14420 2841623445
13 29458 9412 1842 18421 2647728438 30494
Ion 19‚11: 24202412 15422 1644 22467 Ios 1441 : 3419 119,
248 1148 18431 68 27423 28436 32 15424 26 29468
1842016458 25471 29461 65
267,67 28435 Ion 1427 : 2427 2422 Ios 1442 : 24273419
Ios 1412 : 24212229 2414 944 10414 842 18412 15428
2413 1141224 138, 10416 18 11426 285, 26478 29466
82 15414 26469 14 23442 44 80466 Ιοι 1448 : 9425 134,
29454 80457 64 Ios 1428ε 242425 80, 18 22490 26479
Ion 19,13: 2410 2429 2 94389 1148120, Ios 1444 : 2429 241
942021 11429128, 41441714411223, 10411 1243 12415
18 14413 22458 54 6922478 7425490 23466 2445225486
24450 25480 28445 27450 2847 28446 1oe 1445 : 241 241
1oe 1414 : 2411 2414 Ios 142871 9410 224, 1042425 1246 124
9428 12414 1848 75 . 23 13414 28448
2245724451 26472 Ios 14291 2421 3420 2844924458 25492
los 19‚15:26,1129 28, 9412 14419 14418 Ion 19‚46: 2415 1247
1429,14105,11110,2 22477 2848 80493 134151842 16481
1844 14424 15415 los 1430 = 2425 9415 25481 26480 82
2848726478 27448 16 22479 80 Ios 19,47: 2423 1846
28414 29455 Ios 1488ε 2426 2428 27427
100 14143417 9424 2422 249 9417 20 Ios 1450 : 348
1341415416 22458 13410 184318425 los 247 : 841514428
26452 29456 14425 1542822482 29462

 

