⁴⁴: 1101001 207

89

806 9023 26 10023 8011010 4014 15026 Salem 1031 7014 132,

32 10051016 1007 0061101606
100271001415110 saddesor 208

13 14020 14015 10
80110011 2023

1712028 32 12027 Sadducaei 66,5 706 80114016

1303013030 1401 80110 401 16012
32 15018 151,7 8000011 16020

rubri 010110 12021 8011010111 4014
10110 01011 14027 801100 403 600
Rufum 7030 8000110100 4020
1111100024 4010 14024 80100011 15020
Rus 020
Ruth 34,9 63,1
8011115012

5022
801000 5016
8010010 47, 23
8010115013
8010100100 4017
80010 15018 8010100101 15032
80011111 3012 80101 2012 4018
8000101 3018 8010100 205
8010 1014 4013 502 8010110011 3027

602605 15029 8010110 3025 5018
80100 1029 801011 4021
sabactani 6018119 80801100 8028
8010101 502 80111 15027
801001020283051650 8061001706

27 5021 15017 80100103 1509
8010011 3020 5025126 80110111 3017

7017 70116016117 Sais 5027 15024

8001011111 4010
8001101 15014
8001010 4016

801011015026 15027 001100 15025

8111014013 5024
8010110 1015
8010111000 1015

8010 3018
801010 15029
8010111111 3016

801110 2028 3022 66,
19 0022 25

8011010011 4022 1503 801100302215012154,

8011110 8024 8019
8011000 605 6027
80110000 3020 5017

80100 2029 203 5020 11015

801010οε001 4016

8011000 407 8019

80110000 201

Sulmonem 7028

8010101 8010

801001 5016

80101110 6026

80101111 206

8010000605 705 97,
10 1001 10010110
16117 1201 1205129,
2529 1402630 141,
l 15026

Salomone 12010

Salomoni 13011 14022
15028

Salomonis 9011 16 134,
25 14020 1406 1404
15025126 15025

8010 1027 2018

8011110100 14018

8011010102 7014 81, 80101110 30,Ῑο 15028 8011110111 1012

17 8010010 2010 304
8011111001 7029 8010100 104
8010 3017 403 8010101101 20810
801001007 15010 Salaminam 71, 14
80110 4015
Sabim 15017
8001010011 15010
80010111 1508
80110110 11026

6026
Sale 6028
Saloe 408
Sales 1021

8010011110 7024 11012
80010 3025

Samaga 50191
800101 406

8010111101 5024606 8010010 5015

8000100010 1017
8001011 3016
80100110 704 1501 19
8111001100 10017 14026

 

