131

(15113021 92 (1511362142 16828 (1511 36221 825 137,
Gon 3021172 (15113621172927 1127723
(15113028172917021 112 22 10826 155, (1511 36231 723 825
Gen 3020 1 1129164. 32 15820 1592 257, 13723 277,65

72 28 26026 26327 269, (1511372715231152
(15113021 1 52 9 24928
(151130241720 (1511362211123156, (151137281826
(15113121112423240, 10 2602 (1511 3726 1 628

36 (151136231821920 (1511382 : 3227239,
(1511 3127 1 7,4 112 122 121432816527182,
(1511 31,48 : 18922 (1511362413272122 6 28527
(15113221 14923 291, 14327 (1511 382 1 112

81 (15113625 1 112 (1511 382 1 62
(151132211720 Gen 36261 13023 263, (1511 3821322
Gen 3223 1 721 130, 82 (1511382152112112,

29 26328 Gen 3620 14208211, 18 1522 29424 301,
Gen 3221 1 1232 299, 3 13526 2742 37

82 (1511 3621 1 52 25 (15113821 928
(15113222 : 622 Gen 36221 62 (15113822 1 1123 156,
(15113327 114922 291, Gen 3623132 62 821 62602

87 (1511362413216724 (15138241 852 21121
(1511332811021148, (151136251522 (1511 3821162

2129025 (15113526 1 32 526 7, (151138291629
Gen 3329 1 524 148, 22 (15114125 : 323629

26 29020 (15113627 1 32 122 112 14422 30326
Gen 3325124123 (1511 36281320158, (151141211827
(1511 342 1 16424 26 28627 (1511 4122 1 526
(15113521155229726 (15113622 1 32425 5, (15114520 1 7,6 1252
(1511 358152 1012 13 11421 24925 24120

23128 (15113623 1 326 (1511 462 1 522126
(1511 3526 1 420 524 (1511 3625 1 3201126 621164231782687

112, 14 11726 2522 1252 24127 (1511 46, 10 1 323 724

30125 (1511 3626 1 822 11,4 251672416827178,
(1511 3528 1 323 24 13729 27722 88 89
05113529 1 1012117, (15113627 1 112 145, (15114621 142 72 8,

20 23122 15 28627 27 17820 91
(15113521 1 32 1012 (15113628 1 321 27 (15114622 1 3, 14 178,

124221272124125 (15113629 1 627 823 92 93 17928

24428 24 1232 29924 (1511 4623 1 621 725
(15113526 1 32 (15113620 1 7221312 112 24 17824 95
(1511362 1 6292111, 1562 2602 26427 (15114624 1 725 1120

1 16223 (15113621 162 18 123, 17826 07
(1511362162929 929926 (1511 46261324 15

9*

 

