1131313133 1331331133 1113 31, 13313134
13133111111431 31 11333131113313113
3 11, 33 33, 31 113, 11331333 33, 31 1311133113 31311
33131314114 133313313131 13 1133 113 11
1113 4131 1113 13, 3 1133 313311113
11113313133 13111133 313 413 33 31311113111
1114113 3111 1113 13 33131133131
Auia 41113111 1111 3113 313 14133
13113 1113 11111333 3133 1113113133
1113114111 3133 1311311113 Aban 3111
133313 13, 3 313 11111133 34, 31 1133 1113
11133 3133 1134 13, 1311131311 11313 133131
14 1131133 1113 1331311313
1131111 3113 313 1313131 3131 11331333 311 5121
1113313111133. 1111311 3133 311111313111
112 11111 34. 33 13333 3114
13131131 1111313113 1331333111 4113 33,
1333313 1111133 313 34
1313331331 3113 1311133 313 1131333111 1113
131331133133 111131131133 13313 3111 1111
11111311 1311331311 13 311 11313133 4133
1311131113 1114 11113113 31 111311 31, 14 1131
11311131 3113 14131413111133 11111131
11333 311 131313113 1131313328
1111133113313133, Abinoem81,14 Aehalgai 811
82 1113331 1133 413 1311133113 1111311
1331 31, 13 131331 3133 313 41 13113 11131
11331 113 31, 13 31, 31 Acharna 1314
1111333111 111111331111111 1311311313 3134
11331331131313 4111131 313 111131 3131
1113131311 3111 1113 1111 31, 13 11313111 3113
13111333 31, 11 113113 1111 131311 3131
Δὶ131111311381,15 Abner 3116 15123 Α111311131113158,16

 

