ιεσβα 17839 18037
ιεσβααμ 16938
scopatam 16938169
nafis 16939

ιεσβοκ 16939
»sodoma 16939170
uana 16930

nou 16930

umal. 16930 19237
ιεσμα 16931
ιισμεγα 16931
wopau). 16931

aava 26434
ιεσσααρ 1783

noum 169, 72 174,2
17536 17939 192,

100 23134
uacua 16932
nonnae 18430171
ιεσσιμουθ 26638
manv 16932
amma 16933
sewun 16933

595αρ599 26430 2653

tempu). 16934
omno 16934
mrem 26639
»strada« 16934

amas 16935 18330 ιλασιηριον 1933
225300 5 27836 280, ιλιαδουν 16930

44 29735
ammi 26732
now 26631
55939999 18030
aeq-me 16935
ummo 26738
worm 16936
ιεφωνης 19230011
ιεχελια 16936
ιεχθαηλ 26630
ιιχθηηλ 16936177
umal 28632

»qartus 16937 17337 ιοππη 16931 19332

114

183, 27 19230191 munau 2963
2033 ουππης 25931
tuuc 16937 wedam 1933
mm 16938 wedam 26331
modam 21433 21637
6 21731 21931 81
9199916938 241302463124831
mu 20632 25039 62 26138
mov 1693821630 243, 264300 2653 2733
7 26133 3528632 28333 29331 22
uquam 16039 wedam 16931 17635
ιησουν 24633164 25230 18331 2033821531
aquave 174,87 17536 24934 2653 27536
18339 2123 1923 ιορδανου 21239 21336
20237 21637 21737 21433 22538 22931
30 34 44 21830 52 23133134 23232 45

mlum 26839
mov 16938

54 23032 23336 69
77 243363 24435
19 27 31 25033 253,
46 254, 52 25536
260302613323265,

5955 59555 79 234,
85 89 240‚13 59555
59995195 95 4 955,
59199 95595 991199
59935 99955

10 12 2663432 270, 599169321833019332

26 27131 274313 23936 24736

17 27830 95 7 286, musa 17832 20335

63 28738 292312 2093821437 60 62

17 21637 21732 21839
ιθαμαρ 16939 19232 59 65 21939 83 87
ιθανααχ 16930 88 22032 93 95 96
9912468 2213
11 13 14 17 19 22
23 24 22331 23132
23435 97 98 99 100
23537 11 121314
161725 23639 38
39 24235 243300
24535 37 39 42 43
25039 63 64 65 67 68
25336 25430 54 56
57 58 59 02 63 66
2553783 25737 258,
38 259, 67 68 260,
88 5 11 26136

26634 35 37 38 40

»nomos 1933

ιν 19331

wa& 16931

ινδιαν 26230

ordonn 29039 29634

Matar 25137 29831

ινδικης 21037 252300
27637 2903130337

ινδος 16338

mama 16931

ιοδωρ 1933

ιοθωρ 22534

 

