140

100 203 : 283 10236 1002134 : 26321103 106 139 : 12732244,
1253313830 14531 13331 26737 27137 17

23236 2423527931 100 2135 : 26301163 106 130 : 3137 3330
28731 14234 25070 28316 110 14 142 27 272 60
Ios 2111 843617138 1002135000· 2633 28438
Ios 2112 2836 2837 29,11 10237 106131· 311112 95
Ion 2114 2712 115, 1383023257 27912 1016 11337 1203
29 11918 250 61 1002136.139,47279, 224,7580256,,90302
25430 18 21 67
10021,15;14439 3043 1002137 : 1183 131, 10613301063 6 8
100 21351ε1163 250, 22 16739 25339 23739 62

67 2653 106 135 : 3336 9537
Ios 21,16:28,16 9232 Ios 2230 : 12836246, 22532

9437 22036 22331 61 106 136 : 3132 8734
100 2137ε12737 244, Ios 243 ε 263 21436

1013 100243οε 128381573 106 1363 : 28631

’ 100 2138 : 2438 943 24633 26133 106 2,1;110,2713432

416234 22234 38 100 2430 Lxx : 283 25735 27232

1002131 : 12731523 Ios 2432 : 1523 294, 106 23 : 3230 3338
24434 2793 47 106 233 : 3133

Ios 2132 : 26321033 Ion 2433 = 28312831 106 33 : 10630 1363
10935 23333 24636 23734 27536

Ios 2133 : 2733 128, 10024331ιῖ1 z 2534 10633 : 1123333417
15 24632 106130313110538 106 335 z 3236 20

100 2134 : 9535 224, 23732 106 33603337 15232
90 106 13 : 313 29530

1002135 : 1283 157, Ιο61,10;313333628 106331 z 3134 3337
12 24534 26231 106130 Lxx : 323 106 43 z 3134 3235

1002137 : 10431 235, 106 132 t 313 3338 9532 16734
21 106 133 z 3130 27 22537

100 2138ε 109, 15 33 1061,16ι3130 9539 106 4,4 : 323333

1163 25032 27039 22534 106 43 : 313422
27136 106 1,17;33,16152,31 10643 = 1103227239

100 2139 : 12231343 29538 106431 ι 333317234
1693325934 26734 1061380243 91,8 106 433ι 17235
Ios 2130 : 253 2930 1253021839 24235 106 437 : 3236
953 13932 22430 106139ι3334 10653 = 323
28037 106 13101323 26539 106 536 : 13931 280,
1002131 : 11930145, 106 133 : 13533136, 42
23 146, 17 25531 72743 27539 106539 : 333915731
28633 106 136 : 323 26139

1002132 0253 1103 1061373235 10531 106531 : 313811034 =

1212032563427237 15733 23735 26230 27230

 

