115

41424649 26757 temp 17055 82 85 90 300, 97
27097 31323337 waren 170,85 177,77 30342 30355 86 91
271,41274,121419 1935 20395 2355 metam 17091
27590 21 27 27892 29375 78 79 mulae 17091 23343
96 27990 23 24 26 concep 17055 25373 76 26199
27 28099 31 32 283, ισαβια 17056 26754155 74 271,46
7810 28798 29390 walae 172,51 17751 2875 29456 58 60
23 24 26 27 28 31 1789419316 20396 mm 17091
34 35 3638 41 294, 22358 61 64 65 250, malaeve 17092
44 29759 40 41 302, 72 ιστουραιων 17092
49 50 5154 55 ωβααλ 17056 ιστωβ 17092
οουδᾳ 30157 *afflantur 17057 ιταβυριον 1935 26890
oovv'ma 19313 14 203, ισβοὶαμ 17057 naha 1937
9922754 todeni 17057 *foveam 193,1ss 26893
ιουδαιςι 22754 26359 amq 170,88 29853
28498 30 maome 18328 novom 17344
οονδαιαν 2655 ισθμονθ 23351 ιω 17451
ιουδαιας 207,9 214, 58 mmm& 266‚26 ιωα 17093
1596167 707172 mrtem& 175,18 mma 17093
21555 2345 24954 ισκαρωθ 19315 ιωαβ 170, 93 19317
26590 2979130343 ωμαηλ 170,88 18324 29590 30251 “
tondum 277,72 28158 193,6252,100260,100 tvm& 17094
29851 30190 27394 29858 mam 17094
ιουδαιοις 289,44 mmmm 29858169 maduo 17094
ιουδαιος 16953 ισμαηλιῐης 170,88 “amp 170,94 1937
mudantur 20953 21850 ισμαηλος 17059 23373
161 221,15 25054 may 17059 mmm 17055 18398
254587125692 258, mov& 17090 19251 19317 2039
45 26150131 26750 ισραηλ 17090 18152 271,43
28259 28312 19315 2039221198 ιωαμ 17096
nominc 16952 172,51 3 6 21319 21559 ιωαμαν 17096
17750 1934 2605 217,42 225954 226, mam 17096
tondet& 16954 26 22798 23198 34 marm( 17097 17451
ιουθηθ 19313 23251 2337624154 17345 18327 1935
ιουώιλα 26793 57 24251 24495126 20259 22958 24052
ιουη116954 24343 45 48 25051 marm 17757
ιουλια 19314 25318 2595426251 ιωαννον 18376
nonme 1935 2638026490 26852 ιυαρεψ 17097
ιππην 21373 27255166 27758 76 mac 17098 19318
mm 25190 78 80 2785 28292 29699
71119314 28379 28755 90 95 wax 1709920393
ιραμαηλ 17055 289,45291,90292,100 mutat 28952
tenc 16954 15 29315 29856 299, mam 193‚19

B 8*

 

