146

1163 17 4214410 441 4428 4414416161, 1163 Ν 1433 : 16466
116317 48 : 4420 12 16447 56 1163 17 16,1 : 4418
116317 414 : 18493 1163 17 141 : 442 1163 Ν 146 : 446
116317 44 : 4412 1163 Ν 143 : 444 116317149 : 1140
11631748 : 4412 116317 1410 : 17499 27484
1163 Ν 412 : 448 1163 17 1417 : 4414 1163 Ν 1444413 47,
116317 423 : 4413 1163 Ν 14,1 : 4415· 16
1163 Ν 440 z 4413 1163 Ν 1421442170, 1163 Ν 146 : 449 44,
116317 444441107, 94 1819 46,14 9424
1123492 1163 Ν14,7;46,3130, 1347 161,1 22447
116317 41 : 4423 3 13429 1449 172, 2444
116317 412 : 44,11 34 244100 28471 116317 1424 : 47,17
4422 9426 124,7 1163Ν 1422 : 45,19 94293011430153
22449 30418 9419 1242622442 32 17463 N 22452
116317 418 : 14420 2548 294100 30470
28435 116317 1425 : 4415 116317 1436 z 4419
1163 Ν 419 : 4411 444943012432170, 4424 4418 941 3
1163 Ν 419 : 4412 7 21479 24497 10423 1447 22453
116317 425 : 17422 116317 14257ε 1646 22455 2349923428
116317 426 2 44,11 1163 Ν 141 : 4416 29440
1163 Ν 425 : 442 1163 Ν 142 : 445 1163 Ν 1431 : 4419
1163 Ν 427 z 442 27 1163 Ν 1444416 97, 20 4424 4428 945
10415 12430 23495 27 22450 1449 15411 1647
24496 116317 141οε447 47, 22457 26469 28430
116317 1412ι 10417 16 17432 116317 141 : 446
23496 1163171413 : 16426 1163 Ν 142 : 4420
116317 1414 : 442 116317 1414 : 1544 1163 Ν 144 : 4425
116317 1415 : 445 16418 26462 116317 1411 : 161,1
1163Ν 10,33;4413 11631715,16;47,26 1163171413ε4418
443 16418 116317 1417 : 4478
116317142 : 4427 1163171417ε46,13 291647
17413 1163171419ε4422 116317 1418 : 4421
116317 144 : 4412 28 116317 1422 : 4423 4414 20 447 4419
1163 Ν 148 : 4414 1163 17 1425 z 4417 17499
116317 1418 : 4412 445 116317 1434 : 4421
116317 142 t 4415 1163 Ν 1429 : 4417 22 942 6 22474 76
116317 146 : 444 442444269428110, 1163 17 142 : 4422
1163171410 : 16416 9 13420 22487227, 4421 16422
116317 14181 1341 51 26459 27454 1163Ν19,9;48,21646
24498 116317 1430 : 442 1163171412τ4412
116317 1421 : 4415 16491 449 441 2 11422

lfflmm mewffl9ffimmwwo‘

mwmwstwwwmwm mewstmj

 

