157

666 685 : 6384 166 98 : 6682 17781 66668 : 6882
16167,11ε65,16 121, 166118 t 1088 23989 6666,5;70,121319
31 14382 25982 166118416685121, 71820
28581 9 17788 25784 66668 1688 6984
666 88 : 658 668 166 1380 : 18981 666 780 : 698
huo 886 : 6486 166188 2 1118 11482 6667861 6882 718
1116881 = 658 17686 27382 30380 666789 1708
Luc 982 : 668 166 18831 668 66678οε 718
666 1082 : 668 176, 166 1880 : 6683 666 7831 708 29
53 166 1988 : 9689 226, 666886 : 6983
66610,18ε66,4 176, 13114 666887 : 68,3
54 166 2181 1108 27182 666888 : 698
666 1680 : 9286 666 18 : 72,5 666 8881 10481 236,
666108816581176, 666 1,4; 6986 . 28
50 666 18 : 0986 666 880 : 678 688
666 1185 : 66,11 666 18 : 71,4 66698 : 6883
Luc 1180 : 6587 666 181 : 6982 666 98 : 7181
1111611811 66817684 666 1,12 16880 666981 : 728
Luc 1182 : 17681 666183 : 668427 67, 666 982 : 6984
166168οι 65817688 21 698 70,116 728 666 983 : 678
666 17881 65817689 666 184 2 70,1 666985 : 71,12
666 19811328 26582 666 186 : 6883 666 986 : 6989 7180
666 19816386 17583 666 189 : 6688 666 108 : 688 6983
666 2087 : 668 666 183 : 6782 6987 666 1087 : 71,4
666 2381 : 9689 666 28 : 708 666 1189 : 698
666248316481218 66628 : 6789 6881 66611,203;688
17683 25781 708 16178480 666 11881 67,6 688
Luc 25, 51 ι 22683114 666280 : 6688 6789 666 128 : 7080
166 18 : 17781 69823 7087 29 666 1282 : 708
166188 : 108,6 24082 666281 : 6689 6780 666 1283 : 718
166 1,42; 668717789 666 286 : 6988 666 1280 : 6785 71,
166 183 : 6684 666 282 = 7082 12 27
166 184 : 17788 666381 2 718 6661381 6985 798 14
166186 : 668817780 666384 z 718 666 138 : 7182
10h1,48 : 1108 27182 66648 : 718 666 138 : 7184
1611 28 z 6684 1108 66648 : 66893067, 666 138 : 6785 7081
17789 27181 31 666 1381 7185
166 383 : 668 19 99, 666487 : 69,3 7088 666 1381 6883
22 17787 60 22988 666 486 : 6783 6983 666 138 ι 7180
166 48 : 6680 15483 666 4863 : 688 66613831 7082
17781 29786 66658 : 6681 718 666 13841698
166 58 : 1088 24085 666584 : 098 12 666 1381 : 688
166 681 : 6687 666586 : 728 666 1382 = 6986

 

