87

01 1419 5415 5417 01115421 21111118421943104
12421 1448 26 0111111 1416 4 1241212412131,
0111418 1428 0111112416 l 18412 14415149,
onesiforus 7423 0111 19, 21 25
011111107418 Palam 7421 Petri 10431
Onesimum 848 Palaestinae 842561732 Ρ1611165,1866,14 70,
011241 8489432 9481518 16 75,15 7421
010 2422 2494410418105,33 Pharao 14416
0011115428 115261247181244 Pha 16411
Oula 5412 124181241222132, Philippo 10461
00111443 27128134215429Ι3Ο Philippus 1346 155,
0011615412 1549 15419120 24125
011419142914414 Ρ1111041112220 Phffissiim 947 9421
0111111245 Pamphilu 843 Ρ111111111011111 8414
0111112420 5416 144, Pamphylia 7417 11430
20 Panaada 11426 Philo 42 2,2
0111111949 Pansadsm 9415 1042 Phison 1144
0101111011 3418 11411 16415 Phoenicis 13422
01011111101112416 Paneadi 9413 Phoenicum 8416
Orab 1418 34131541 611116118419 9422 Pilatus 65‚18 7418 78,
010011 411 14426 Parion 7421 24
Oran 3421 Parmensium pissinam fullonia 158,
Oris 348 Parthi 7416 16
01114181426 pascha 6422 7420 Pisidiam 348
0113111111 425 Patara 7423 Pontius 6418 7418 78,

01130111 42 Patrobam 7426 24

01011111 5421559 98, Paulam 4412 6011117417 746
9 14430 1311110841 Porcium 7424

Osa 2421 14419 11111146141511113 Priapum 10460
0111549 Pella 941 Prisca 7526

0111116429 2011118479428 13419 2111117420

01101427 5415 7424 211111111460 Priscilla 7422

942 1346 26 1442 Pergamo 841 6110117425

5 15420 Pergo 7422 Proohorum 7419
Osis 5416 Persas 5418 21001111443
01611111119432 Persidam 74, 25126 Ρ101011116111 110, 21
011101 14430 1111118429 1341 13427 14415
0111001111 1421 Patsirsm 14413 Ρ601011116119523 105,

Ox 417 Palairos 12421 15
Osa 442 Patra 11417 12417 Ptolomais 7423 95,10

Osam 13432 1449 1441 1541 611111117425
0111 5416 6111111852 10223108, Pudsus 7920
01110111 2417 22 Pulsoli 7425

 

