120

1771777117σο7 27840 μιχα 19881 pamm 19882
17717717728157 μιχαηλ 17875 19872 μωυσεως 211,1 30883
μενσηθ 28844 20810 ’μωυση 22595
μεραρι 17891 manac 17864 19882 μωνσην 18873 24892
pepe 17899 20816 28874 pecuum 17860 17815
μ7ροην 29697 μιχθεηλ 20815 1883319882183203,
μερρα 18834 19871 μνασεας 20845 10 20852 2184 242,
27873 mpura 7279717727 277, 80 25851 2686 2701
wopau 27899 76 2123124 27874286
μερρους 278100 17778920813 94 29196
ptume 20810 μολχομ 28879 malm). 28891
maenarum 181,66187‚ μομφιν 17813 Δνααλωὶ 28814
50 19879 μοσολ 18059 νααμ 2887
μισοποταμιαν 30099 maog 181,70 νααραθα 28811
patronorumve 2401241 μου717718333134 raa< 195‚83 Ἴ
2584 29887188 301, μοσφεθαμ 28842 ναασσων 1783719537 ’
27128 μωαβ 182925 18836 rufin 20820
μεσραιμ 18152 18862 19873 2189 7777107711 288100
μεσσαβ 28050 12 13 24 3031 213, ναβαλ 18843 25845 ’
mame 17859 19880 40 45 2165 23839 27876 30852
mmmm 19871 24891 2489 24844 ναραρα 28823
μεστριιιμ 18838 25849 50 25885 253, ναβαυ 17812 1957951
paramo 19877 25 25848 264,91 2185 28393 98
μηύαβα 27814 27895 27857 59 rafim 19888
μηδαβαν 26811 27860 61 28152 282, 7771177277 19888
μηδαβων 26497 26812 76 78 28894 2982 77111177028495
27883 4 3082 30874 75 ναρη 19692
μηδεβηνα 27824 3049 raphat 195,84
Ι7727777717 28159 μωαβιῐαι 18836 ναβουζαρδαν 1951196
μηδους 18878 μωιιβιιας 21818 72117797 18844 195795
57771277722777 177771777722777777 71 7777577278 19585 ι
μηνισκους 19871172 65 24847 251, 78 rafim& 26816 233799
‘aquosus 27824125 25826 34135 26496 ναβωρ 28396
maa 28277 2782 287797 227, 77177195572881
unqua& 27815 32133 28827 291, ναδαμ 20819
μιδα 19880 86 298516 vam 28841
palmos 28871 μωαβηων 18862163 vanum 18842
1777277677 20848 2088 rufae 17824 18841
1777776777 27887 1777767777 27894 ναζαραιω 28838
maol 177, 87 19771 5177727823 7778717777 17777
20813 μωραθ 19874 20821 28457
μισωρ 27884 27811 μωρασθει 28874 · ναξαριτ 17823
ponpa 19872 μωρε 28843 ναζειραιος 19690

 

