152

155 735513 1551931 5 51315539 155373755038
155 734 5 4930 29838 1553738 5 49371850,
155 83 5 4931 513 15519335 5034 19 513 993 22937
15583 5 5035 155 1938 5 9838 187, 155393 54932 5035
155833 5 5035 39 1554438 5 4935
1558385 5035 155 203 5 5038 1554534 5 513
15593 5 5036 1552131 5 14934291, 155463 5 4932 5039
15510354937 29 30 82 1554933 5 993
11130 11330 1143 155 21, 13 5 4939 116, 155 00,6 5 50,5 51,2
12037 2563 30134 19 25130 13032 2483
30233 30332 1552134 5 1583 263, 155603 5 14334 284,
155 1036 5 5033 66 35
155 1038 5 4935 5033 1552136 5 11138 273, 155 633 5 10239 233·
155 1030 5 5031 129, 93 59
10 13634 24738 155 22,5 5 503 155 6530 5 4939
27535 155 2235 : 5038 1556639 5 503 11 15
155 10302 5 4936 155 2230 5 4937 155 13 5 533 27 5438
155 1031 : 503 14 155223415 5039 943 22235
1303 13930 2483 155233 5493411334 1155135533
27935 30239 155236 5 55333413
15511,11549,1550,4 155253512533 28138
15435 29632 1552732 5 14739289, 155 23855533
155 1332 5 5037 40 1557385 5337
1551337518538 155293 5 9835 22836 1557315543
155153 5 5037 11532 155 32395 154312963 155 732 5 553615834
11636 1423 24936 155333 55039 1543 26332
25137 28337 17130 2963 155 83 5 20130
155 153 5 4930 503 1553435 4932 1551035553
11731 1183 13136 155 363 5 13533 274, 155203 5 55,4
25336 34 26435 10 155 2035 5434
155 1535 50312] 98, 155363 5 4936 503 155213 5 5434
81363314930 228, 1553639 5 993 1543 1552133 5 5533
59 27633 29136 22933 2963 155 22,65124,23241,42
155 153 5 503714331 1553630 5 503 1552234 5 5438
28432 155373513538 274, 15525335 5339 543
155 1535 5035 9830 16 10738 11634 2393
13 22831 64 1553732 5 4936 503 25134
155153 5 4938 14732 22 11333 1303147, Ier 2535 5 5431
28837 13 2483 28838 155 2536 5 5534
155 163 5 13033 2483 1553733 5 49361799, 155263 5 5535
1551635 11638 25139 3 14734 22935 288, 1552638 5 5434
155163 5 5037 13131 29 1552630 5 5332 5535

150, 18 2653 2923 155 37333 5 4936 10930 27134

 

