80

16161617 10501) 614 5613 138, 13613136112156,
Ion 4615 11 13
1060 621 10161 610 1016661 130, 32
16166 616 1001016111 1626 Iordanis 620 6627 88,
Iezabel 4611 8620 1011016 366 18 10618119 11638
Iezabel 5614115 10116660 666 661 12626 1362513615
lemnia 469 5612563 Iohannes 6616 7619 1000504627
101500613625 9622 1066 1164 1000161 6623
16000110 466 6631 11612 1061101366 4616 97,
ι16166111110156,12 563 Iohannis 1563015633 2111613
101612617 10161361565 6613 1016660 5623
1010610 5619 11614 1006111620 664 6617
16601161261136151, 10100161 4610 765 3622 9624 96,
1196311361417 1010111110 367 181063010617115,
1060116110 963 15624 101066 4628 3 1261313619135,
1111110110 7616117 10101116 0629 14 146221566154,
16 1629 5615 563 1060 464 5610 661 32 15624 26
1606601016 13610 10601101) 365 Iosephus 861 963 99,
1611101461 10606 12632 29130 1166 13612
Indiae 1167 12624 10661110 6618 144,24125148,15146
13626146241463 1060111011 361 5621 218 15629 1564
15627 12611 13617 15629 15619
Indiam 8626 15632 1061 6628 Ionia 4614 6631
10060 462 Ioppe 5610 6619 133, 100160113,19154,3
1001364 106611617 32 1362 1569 1061163629
15621 Ioppen 1267 10111 4623 1666
100011615620 1010111362 4616 6629 10111650 468
10001101 14617 Iordane 8617 10627 101110163615611
1000111111 5611662314 1161 13624 31 1061060 83, 28
10630 Iordanem 8615 8613 101110561714618
10060116 365 8617 31 86734 89, 1010161461
10011160 462 9110 9623 9622 27 101001014628
1000 467 9619619625103, 11564
10011568 7 16 11614115 31 1101623
1001101625126 12623 33134 12620 11061623
1006065622 13619 13621 141, 1100623
Ioannou 9623 30131 14631 1567 1101111366
1000 3627 15631 89 15625 16000 615 6626 7616
10011016 465 6630 Iordanen 10622 1061 7620 765 3611104,

10011106 10620 4510151061419120 4 13629 146156

Iob 625 5645624 72, 1066 11628 11630 Iunia 067 9624 26 99,
151061911632158, 1262 12620 125, 28 12627 13612
26 27 13615 131, 19 1461518

 

