70

0111111112804211 charri 11211 01011111 228 18231
11214 chasalus 91‚4 94, 25 0111012216
011111 2222 11225 cbiiara 2216
01114214 chased 221 chilon 11210
chalab 11221 chaselath 112 12 24 chimarrus 11210
01011011128111215 chaseleu 5281 chiram 12226
011101104215 011110112151124 chisil 2221
chalamac 38,12 chathlis 1121 011000 1216
chalamad 5210111 010111 21 11218 choadad 229
chalanne 215 4221 chebron 228 8214 28 Choba 4, 21 1129
111,298011220 824 8224 822 9225 01010111210
chaldaei 22228 5211 1028 103, 88 104, 28 0101111529 11231
chaldaeorum 15218 102821022111282 01010101529110
chaldaeus 8211 11241121611228 010001110101225
011101 1212 829 84, 29 1128182211 136, chodorlagomor 82680
24 1122880 2814219 15214 822 10225 122112
chalech 216 chebronis 9214 1429 18
01111211 010110 1122 01011111421811219
0101101152291122 chefri 11211 chomor 5215
chamos 1212118 824 0101101 51, 15 chorath 11228
4215 522 1125 chelcia 5221 Chorazin 1121
0111111214 1211 41, chelciau 4221 010101102511228 26
11 chelion 825 14225
chananaei 61,8 chalon 1128 cherethi 8212118
chananaeo 11221 chennereth 11228 chorozaim 628
chananaeorum 8222 chenneroth 1214 chorraei 226
92112211 12219 chennor 5218 chorraeus 230 224
182101429110152, cherchoro 5214 14218
81 chereloth 2221122 chorri 280
0111111011 85, 82 cherethi 35,8 chotha 11280
chananaeus 8228 25 0101011111 5212 0101111218
chanani 1218 621 0101110122181191128 01111110114218
channa 5210 chermelam 15219 christum 11211
0111101226 cherubin 211 12, 20 christus 6211 1121
011111111216111225 1215116 821 11211
charada 11221 cheslon 2220 chsil 1125
Char-an 4212 chesluim 218 01111011 2222
charchamis 1121 0101228 0111 214
charobsmoth 54,1 chethi 821 chusan 828
charith 41, 16 45, 12 chethiim 11214 chusi 8212 4214
charmi 22 1219 chetim 214823 cidissus 11210
0111112211121118, 010111011218 01110116211215
22 chettim 1821 ciliciae 15229

 

