98

αδρααζαρ 20123134 «supa 20122 αιλαν 21127
ademtae 28126 atain 2252 aaut 22721
αδραμεὶεχ 22827 malm 2252 utum 22824
adom 186,Ῑο am 22721 mulceantur 21724
αδωμμειμ 21929 mm 20123 πὼς 22927 24822
adm 181,85 20620 aarum 22822 masur 20926 2222335
adaman 18529 20021 ωγυπτιοος 24024 22325 25927 2602
20423 20525 59 63 αιγυνιῐιος 1832820824 26629 2742 27920
66 ωγυπτον 21429 23528 29323
«duramen 26528 25829 atltae 20927158 69 211,
camp 22625 26 28 aarum 1742 18122 93 21628 22020221,
25921 1862001952120024 10 2252 22626 21
mrem& 22922 (etymon 2102723128 2302 23122 23321
αιρμων 1822 13627 2392 24120 25123 8423425 23626245,
1902220026 21220 252214 27326 277, 38 25425 26120121
21727 39 42 21924 68 71 23127 28521 26323 2692 27121
23327 2782 28920 2912122293, 42 28027 28729 293,
«epponem 20027 19 2972029828 49 20 30025 30227
ceta 18621 51 30129 30 ωλιμ 21127
«Cani 13128 18628 αιγνπτῳ 24023 24224 mlum 21629
20129 24728 25821 26022 28620 «clm 21620 22228
utam& 22428 29929 30324 2242022521 22722
acaum 17426 18622 amp 18623 cup 22325
20027 22722 2562 andum 18225 aspa& 21920 22723
αξιοι 22123 mu 2112 28921 29723
acqua 18629 2012238 mm 23222 aar 20129 2202622321
21626 amm 13121 mm 21121 92 94
αζηρ 21227 maome 18425 19226 aaut« 22723
alm 20129 19728 20427 aoros 200,18!l9
αζωρ 21225 mamm 186200 201, cumr 17727 22928
otmar 23729 37138 mm: 18221
αζωιος 18622 20022 «mcum 24025 amm 22725
21827 63 affluamus 13421 mum 20022
atum 21821 22024 omnum 29626 amc 20024
100 24623174 26626 αιθιοψ 18122 αιφραιμ 22321
am εσεριι 20621 axam 18624
, mla 21029 21526227, «taqua 21926
αηνδωρ 28523 45 24126 29827 aalma 18624 22926
am 17926 mm 22720 maon) 20127

«mamm 18121 αι1αμ 18128 18623 ametur 18726 21827
αθηνω 18629 21025 81 61 24729

ahmane 19228 ntupum 1862 ακρκβατηνῃ29424 295,
mu 22722 «ῡλαμπων 21029 87

 

