lluim 253 1152
15111555 757
1111511511 68, 30
Eusebius 853
Eutyches 68,29
llzeon 551

1557
1155111515 15513

75

8515 11525 122,28 1511511111 512
331252 14527 1151151515
15155 513 1565515 1151111511 6,18
656 7510 751 113511117511
15155111οηί 38, 20 Filadelfia 8518 86,
15115519 1521 3518 21122 8531952 138,
Ezechiel 10525 27 111, 5529 6520
915 17 11531 116, 15115145,22124,7 1115151155 9512 131,
2123120,28121,22 151115516520 65516 181453315527
125191258 13513 1511155111 76, 28
1452 7 81552324 lamech 1522
26 27 15510 15529 1511111111 4524

15156521 751
15155 1511

Ezechielem 15520 15151515
1151 4514 57, 20 15135 1517 2516 89, Filippus 6522123 655
710 13 12524 25 26 7523

11151151 4521
Emi 41, 22
15151151 4516
11111 353
11111151 557
15151151 41, 22
15555 556
155515 4523
1551111 5529
15151 4525
Pedaia 455
1511511111 1515
15515111 1517
113111 18, 20
1515151 45, 24
1511111 517
15155 6522
15153 514

Palati 1517 2521

151111 5 21 158
Falli 3523 1259

131, 13
15511 1510
1511111151 52,4

15511515 12517 19

15011115 124,8
1551111151 5514
1511 517

15 4519
15311151 1515
15351 8512
15151115 3520
15151111 455
1515115 5528

¹* Felicem 659

1511115111 1252
1511511115 3522
1511151151· 2517
15111153 5528
Fene 11527
1511511 1259

1511111151 6, 22 32, 17 15151551514
64, 21 123, 5 29 30 15135 2521

ill 111
15151 3521

15151 5514
Festum 6510

helbora 11, 18119

151511 515 1516 2516 Petreio 519

1 1451

111515135111 13531140,
4

1115155111 857
1115111111 7512
Filippeneee 7528
Filippi 10531

1111111151 516 1511
1253

1111111111 512

Filiehincrum 12515116

1115153115 7511

1115115111 79, 11

1111 12516 ,

1111551 1510 1520 35,
22 12531

1111511 1521

Pisidiam 657

111511 511 12523

11111515 156 12514

1153511 7511

1555511 7510

1551155 9515

15511551 9520 10525
11511

1551151165617 11521
125241459 15522

155115 1057

1535 1258 1256

15351· 8512 101, 29
1058 1151 12520
22 12520 15515

151011511ιωί15 558

 

