143

1163 1 262 : 3423 35, 116311 224 : 37,5 88, 1163 Π 82 Lxx : 402

7 16 362 26 22 972 22621 1163 Π 821 14026 281,
863127213620162, 1163 Π 2241 : 16227 56

15 863 Π 229 ε 882 11631166 12227167,
11631272 : 3423 1163 Π 2, 291 : 135,3 24 26020
11631272 : 29325 25729 863 Π 823 : 120,9
11631 272 : 3526 27 1163 Π 32 z 372 892 25626

12923 24720 16229 1163 11 820 : 392
116312720262110, 863 II 8,3;87,6 3921 1163Π623 z 38,1 140,

301342216921272, 1163 11 32 : 8728 39, 17 28127

75 25 1163 II 827 : 402
1163 1 282 : 3527 36, 863Π3,5 : 372392 863 Π 8,18 : 37,9 38,

26402 12924 153, 16821 1 3921

13 24721 29526 863113,7;37,839,22 6631192 : 40,1
8631282 : 342485, 86311 8,12315721 1163119,4ε37,1039,10

1 9621 12129 226, 166200 26221 13620 21 27620 41

25 25920 863Π326ι3726107, 1163 81022720162,

8631292 ε972 22628 3 23827 29
11631292ι 8526 863 Π 326 : 15321 Regu 102 : 382 25
11631 302 z 17120 29520 140,1917022261,58
863 1302612926247, 863 Π 42 : 3726 1163 11 1020 : 3721
83 863Π5,67;132,9 116311 10,16;38,12
8631 302 : 852107, 26520 4028421 21020
1 23825 1163 11 52 : 3925 1163 Π 112 : 382 40,
1163130241 3529 1163 Π 521 2 3825 1416325
1163 1 3025 : 8526 863 II 524 : 3926 863 Π 1121 : 392 40,
8631 3027 = 13423 863 11525ε862739, 91662
14629 2682726824 2 15 16322 1163111225 : 392
863 I 30‚2s:35,1636, 1163 Π 526 z 382718 1163Π 1226 : 1472
27 12025 15320 256, 16326 28828
7 29529 1163 Π 5269 : 167, 85 863 11 132 ι 16720
1163 1 3029 : 8627 1163 Π 5, 18 : 110, 26 863 1113‚3: 1702
146201662917220 1472 27221 28822 1163 Π 13,5 : 392
28825 1163 Π 522 : 11026 663111626362167,
11631 3020 : 8424 25 27221 5 23829
972 5 1072 16821 863 Π 5,25; 129, 19 863 11 13, 37 : 3721
22620 29826 24725 402
Reg 11 12 : 1612 1163 II 6,6: 1432 284, 863 Π 142 : 402
1163 II 22 : 6425 26 863 Π 1427 : 3922
Regu 2‚8:38,26 3921 116311 6,10; 3921 863 11 14, 27 LXX:
1163 Π 22 : 372 166, 863 Π 721 2 38,5 3923
916921 1163Π82ι372 3922 116311 152 : 129, 21
86311 228 ε 872 5 26 15328 29621 24727

 

