141

166 323 : 337 166 3461 31,25 166 137 1 13311273
1666111328 20 27 166 348 1 1532 29373 33
1131125374 1663501 3329 157, 1661318116615
166 326 1 337 15 26244 166 13291336
1666321 322816363 166 101 1 3217 3321 166 13301 331
166 71 1 3221 338 166 1031 331 166 13101 1328 265,
9531 1431 22536 16613413117 19

28013 1661351313911018 1662011 13814 278,
166 710 1 3217 27235 97
166 732 13115 3319 166 11,1 1 16375 166 20101 1233 246,
26 10314 15314 166 113115315 297, 70
23738 29714 45 166 20331 3115 106,
166 734 1 10312 237, 166111811825 23 23375
67 166 1119 1 3322 1662345 1 3223
1667151 32293313 166 1114 1 324 1662131 332 13417
20 34113431 1531 1661133193510140, 26831
25399 29372 3223100 5 28344 116111 1,2 1 325 3437
1663513320 166 12111534 29375 116111 131341
166 37 1 31,23 166 1251 3212 116111 1,4 13439
166381 3217 166 1261 3323 116111 1161 184, 63164
1668101313911015 166 1281 3119 11611121 1 3135 343
27262 16612,11134,1 938 11611141113210
166 31113310 14229 2253 116111412 1 3218
28410 166 1212 1 938 2233 616411 13313
1668131 3116 933 166 1213 1 3119 123, 116111419 1 3130
166 316 1 10318 233 32 16347 1161114121 343
71 1661321339 1163111 13320 29
166317 1 12330 3939 166 1324 1 3323 3317 19 28 9317
166 318 1 13416 268, 1661325 1 15224294, 153111622224182
90 63 47 18329 31 22312
166327 1 329 166 141 1 15719 262, 29380
166 8331 3114 49 Rogl 111 : 1115193
166351 331 1661381 3216 1229 11631 1,2 : 34,ss 162,
Iud 36 1 338 10315 25383 29
23269 11161316 113416133 1163113133223315
16637 1 3222 9 25637 27532 2016392
166 32113114 10320 16613113223 1163 1 1,4 ; 3532

23373 1661341326 3324 11631111116350
166 326 1 3116 3222 1536 29376 11631 1,20 1 3320
166328 1 341 166 1323 1 327 11631 3201 353
16634113116 937 1661631111932253 1163141134119320

14324 2232 28310 87 22315
16634511432329359 1661711339 11631411 337

 

