84

Menon 13321 11888188 13331 Meroth 337
11888118112328 Meded 137 118118 138 13321
11881881 14316 Medem 1431 Merrom 138, 16
1188818118 13330 1188811237 Merrae 13317
118888317 11322 2325 118181181813310 11888315

1188818 2327 54, 25126 Medi 732 Mesopotamia 732 149,
1188818 5324 Medon 4314 5329 33

11888184316 Medorum 9324 Mesopotamiae 83, 26
1188818111 14313 Meeber 14327 1131 117,11
1111881811 1312 118818113325 Mesopotamiam 83341
11881823261334518 1188181181 323 3512317

1188118 320 Mese 14316 1181181111 314 15 131
1181188813310 118188112335327133 1181188238

11881888 322 1 1188881) 1439
1188181811 138, 19 20 118318537 11818818114315
118818181111811113319 1181814317 Messe 13326

Menoe 320 118181118 4321 11888188 6317
1188811118 2310 1181818 3161310238 11811114317
118888181331314311 1181818111 53 28 11818321

1188881811 4320 11818116310 1188881 324
1188111111 13329 11818118 5325 111818 339

11818118 336 1181811181 328 11181888 5331
11811818138 Melchisedec 31 739 111818888135,1 14311
11811818 13330 13313 14319 15316

1181188 1311 1181811888 337 111818181137 5317 73,
11811888 13328 1181818 1311 -20 8327

1181118818 310 6310 Melohom 735 111818133810331239
11811811 8, 23 Melohon 5325 14318 111118881139,12136,20
11811188111 131 Mello 338 140, 30 Mileto 7319
11811188886320141,20 118118114322 111181111739
118111814312 6315 118114325160,7 Miletus 1437
1181118118 4318 5325 1181118188 7318 11111818 7311
1183181118 639 1181118131 1111181811 8319
1181118181 39 1181181188 13324 1118881 5316
1181181831 4316 1181111185314115141, 1118818114,55316
1181111811 1313 5326 24 11188118 1335
1188181111 1039 11811111 1433 11188123129,11 13332
118818181143214319 118181813311 1332914314
Medeb 233 1188111111 339 11188888 8317
1186818 138 13332 1181811327 133 11188818117310
1186818111 10328 Mero 338 11881317 136 8325
11818181 13317 1181811338 83811 839 93911
1181181818 235 Meroen 15330 10329 11335 1139

 

