81

121415 11217 21 Mysia 726 1131311631 4225
11232112812219 Mytilene 729 1131331210

13213162113257 Ν33 6216 11313111312212
914211 14214 31 11331133 4224 113131114223
14221421114212 1133111 1214 Nugob 1427

14231152151719 11331333 2213 113131131 3210
11331113133186,122025 113312214 1131112314224
823 11221 11230 11331312214115 113113 12231 14222
122201321314213 1133113 3217 1133131314233
15171423015223 113311131141,29 1131313 1218
113311113 8227 1133131 14224 1131331421
Μ33131146,14 1133313 42, 27 14217 1131113131 1215
1133131113 4214 11331333 46, 23 11331311 14221
1136313 225 1133133111 42, 27 11333113 422
11313113 14220 11333131115227 1131113 14216
1131311 14215 naamathites 5227 1133313111 5219
1131311311 1329 113313113 142, 21 113311) 2213 14218
113133142175224725 Nuus 3216 11311133 6215
mons oliuurum 13228 113333312111219 62, 1131133313112141126
Montanus 6222 23 6214 113113313 424 522
113311 123 11333333 7215 Narcissus 7222
113133111 51, 311521 113311 210 11333121112229 142
141,11 11313 1425 22 1527
Mors 1421 11313131127 11331311 1422
11313111 5224 1131313212110,31112 113331 5213 6214 81,
313113331311131,27128 8 15220 15 1222
1133114224 1131133 5217 1133313 14221
1133313 223 113133 2213 113331331 14218
Moses 14,1 Nubat 10219 1133313313622714216
11331311311313231 1131331218829102 Nazarenum 7212
Mosi 14,4 2 14230 1423 1133313111 6224 6213
113313 95, 30 1131113131 28 14218
1133331213 5215 523 Nube 3210 14229 Neapoleos 10216117
Moysen 8226 Ι 1131135219 1421 132221321514222
1131333121628 7220 1131334223 15231522515217
7220 7224 729 79, 11311311 42 26 142415 Neapoli 8232 8230 93,
18 8223 8222 828 1131311113111 1022 29 9222 10230119,
10223 1026 9 115, Nabuchodonosor 4228 2312413213
171222013219132 11313331313 523 Neapolim 7214 9215
221423114216150, 113133311133 422 1029 10213 1228
7 15214 1133133 1424 161326 15231 1521
113131 1225 1322 1133131 26 6215 nobo] 3213
1111137210 Nadab 1211 4226 11313311 14214

 

