28 12812 12819 11111111 97, 90 Amos 44, 22 5820 64,
18828 142, 27 1111111111 688 4 6891 11811120,
1111116111 982 11111 4815 28 15829
1111 97, 24 Amihel 1820 9810 1111111111 79, 28
11111 81, 19 1111161118101814 1111111,31141,19

111111118819 9820 9811112 688 1111111810
Allolylornm 12817 1111116611 1817 1111115891
12821128912819 1111111 44, 26 5817 Amen 9819
19822 1486 Amind 1815 11111814
allophylorum 9815116 Ammo 2825 985 95, Ano 88
19 10810 1289 15 986 111111 9812
11111 886 1111111611 25,1 111151 2826
1111111282 1111111 8891911981 11111111 24,6
1111111111 60, 15 19891 198115826 111111111821 482 51,
11111111 88 Ammaia 9822 90
11111 1188 Ammona 64,8 1111111 188
1111 187 9826 11111111 2814 1111111111 44, 20
11111111 55, 90 Ammiod 9811 11111111 2, 22
1111111 82 1812 81, 1111ῶ184182728 1111 1818 5811
988, 22 24 108, 25 25 86,2192,196,11 1111111111 5811
117, 26 129, 99 145, 1481 1111111111 52, 90 5810
27 15811 11111111 2821 9810
1111111811 15811 11111111 9819 11111482 688
1111111161 88, 20 111111111111 141,18 11111111115811
111111 9818 Amnon 986 11111116891
1111111111) 9816 1111111111 989 Anatho 9814
11111115818 Amol 181 11181161 24, 28 49,
Amos 281 Amon 5886811 989 16117 587 981
Ammo 4818 111111 2824 6816 111111111111 97, 22
Annio 4819 5822 111111118819814 116111110891
589110 1111111111 11890 Androm 6815 6824
1111111 1820 2824 Amormoorum 885 12 Andronicus 79, 26127
98119 22 88172292 885 1114817984
11111111 9829 9819 91, 22 10822 1111981918
1111911825 4815116 92108101181091 11111 105, 29
589 11829118612824 11114822
1111111111 2818 12827 911981518 1111112818 9817
Amathus 9827 198, 21 1585 11111 89
1111111111 94, 20 Ammonos 86, 5 11111111 94, 90
1111111111 985 111111111822117, 11111111989
Amon 6814 8810 27 111 2814
Amos 24, 24 Amorraeus 90, 20 126, 111111984
111111 9819 94 Anim 9818

 

