79

11111111 13224
laconiam 4211
111111 213 136, 26
1422
1111111511 229 1321
14210
11115111322
1111511423
1111111511 13229 815228
1111111111 429
1111112212
111111 133, 30

11111 14224 1424

1111111 2214
1111111216
111111 13222
1111111 18, 25
111111113219
11111112216
1113151151 1329
legal 1225
legali 19‚4 13224 1521615214
1131111111 5219120 Ierichum 8231 9214
1131111222 17 11215 14231
1111110211 12280 11111511 11213 12223
Ielon 13213 29 14222 15221
1111111 48, 22 Iorimoth 225
111111 4211 Ietimuth 1326
lemna 1, 26 11111115 1325
11111 22912692510 Iermuoha 13231132
132131423 15215 Iermus 13231
1111111111 1323 1111111 3229

2 10228 10230111, 11111113

11 21 11212 11224 11151321

25 26 11231 1128 1115111211

12229 1329 131, 1111111214
161112213223 131, 11111 122

1813215 14221313 1111151113213
181422 14212 146, 11111111225

11 1422 15229152 1111111323 4213 6220
11111 325 1216 101,8
11111121

1111 1226 1215 8212

8226 11224 14221
1521

Iericho 629 126 85, 11111227
16 8213 8211 829 lesui 121
921 11233 11211 1111111221
1225 16 13221 31 11111122882241211

mmww
wnffiaems
lmmmmm
smmwmm
mmmmmffi
mwwww
111121
mwmfflffi,
wwwwmmu
mmmmm&
121121

lemnon 2215 13215 111151113228 32112 15218 21 30

111111 54, 20
111111151ὶί 324
[ermeli 13222
111101 2215
Iempoli 1211112
11115151] 5212
Ieremia 5218 922 12
1415 11 1123141,

111111114213 10219 letabutha 13229
12229 14224 letan 13210
1111511111 32314 1111511111 123
Ieron 13211 1115151 13230
lerosolyma 62161218 111511 229

Ierusalem 529 625 14, lether 1323 13223

11118 1223 829 91, 11111111 222 1323
092201212199,10 Iethira 11228 1324

3 15 14230 15222
15214 15223

1029 10230112314

134, 24

1311211 11219128, 11111111] 13212

1111111122111228 1113291322114 11151111] 321
132111421411155, 13228 1421 15218 1115111 1, 22
20121 15218 1111111 13, 23

Ieremias 626 8229 92 11111 22 11111 2210 16

 

