147

116317 19,36 : 4625 116317 242 : 4628 166 Ι 1-,36 : 17225
116317192764422 11631724,8;45,16 16111261ι16624
234626 4721 143, 472 1661127 : 16520
1028421 1163172427ε4628 166112012612165,

1163172022ε45246, 116317 2428ε 16225 89

15 116317 252 : 4726 16611212612168,
116317 2023 : 4627 14722 28926 51

19626 1163 17 252 : 472 1661 122ι 16420 165,
116317 2024τ 13420 116317 2521134629 8817128
116317 212 : 4524 116317 2524 : 4621 1661 1256 166,1 170,
116317 2129 : 4424 11631725,18;47,2223 106

462 15 16924 116317 2521 : 12027 1661 1,50 : 1242 301,
116317 222 : 4424 45, 2562 17

546210726 1163172522 ; 4226 1661121 z 16849
116317 2221252547, 116317 2523 : 45,8 166112226327165,

2116420 46226472 486166, 92
11631722,12;44,2425 6 17127 1661 22 : 16922
116317 22,14;43,3 116317 25231 1702 166122 z 16526

4426 4626 482 116317 2527 : 4426 166122ε 1662
1163 17 284 : 4722 4620 21 16425 166185 : 16857

1542 2962 Par I 12 : 16726 171, Par I 2,6; 16426165,
1163 17 285ε 452346, 25 90

16 11329 36222 1661 12 : 167,41 166122 : 17025
116317 23264527 Ρ6611,5;167,20 21 166122οε16124

17123 17128 1661222 : 1702
116317 232 : 422 166 Ι 12 : 16724 1661 226 : 17023
1163 17 23, 16 : 45,15 1661 12 : 16840 1611227 : 17028

4817 484 15526 1661122 : 17222 166122920125231,

29826 166 Ι 1261 : 1612 25
1163172321 ι 4524 1661 129 : 16853 1661222 : 16729
116317 2323 : 4627 166 I 120 : 16328 1661 2241 : 16622
116317 2323 : 4525 1661 126 : 1662 1661225 : 16859
1163 IV 2824 : 484 166 Ι 1261 : 1662 166122226727168,

19128 1661 12927028172, 50 1712
1163 17 23292628 28 38 1611 224 : 17129

16426 , 1661 126 : 16845 1661225 : 16851
116317 23, 81 : 4426 1661 1201 : 166,1 1661226ε 16422

462 Par 1121 : 17223 16612286 16928
1163172323 : 4726 166112226524168, 16612222424159,

14726 28921 58 16929 17224 22 21024 25847
1163 17 2324 : 16326 1661 124 ι 17025 166 1 224 : 16922
1163 17 23265 42245, 1661 1251163211 168, 1611226 : 17123

25 4720 16854 58 17222 1661227 : 17624

10*

 

