153

15126321 533543 151403 : 5432 5536 151 4835 1 5531
151 2634 1 5536 17137 151403 1 543814138
151283 1 533 15140341 5330 28239
1512931 54,7 16 151413 : 5432 1514931 1473 28839
1512937 : 533 151 413 1 5333 20 151493 : 533613030
1512931 : 5332 151413715339 114, 2483
15129317 1 533 2 30333 1514931 1213 15936
151 2934 1 553 151423 1 553 2573825831
1512936 1 553 1514331 5432 151493 1 1583 26336
151 2937 1 1823 15143311553029830 151 493 1 11636 251,
15131351146312873 151443 1 5436137311 86
15131381 5330 1413 27730 28138 1514939 : 9937 229,
151313915437 130, 1514435154341243 84
92483 80130 151493315336 122
151 31, 40 1 5330 23 151 4430 1 5333 17 22934 26030
9932 22930 151463 : 54315 553 15149381 11137 273,
1513231553616235 1514634113738277, 92
15182315331 70 15150315331 5438
15132321 5339 553 151483 1 533314133 10739 2393
15132351 5434 1423 28236 28338 1515131 1 5439
1513333 1 5536 151483 : 54,8 11731 1515137 1 5337 8239
1513431 13533 274, 25336 20837
12 1514831553 14430 15152315337
151353 : 5530 3043 1515231 1 5338
151353 1 5439 151 4831 9934 22933 31151143 1 17534
151353 1 5331 5439 1514831 5335 3113 1 5632 583
1513632 1 543 11 1514831 543 31 131573 9 11331
15136341 553 17 1514838 : 543 30331
151363615332 543 1514831 1 54, 13 27 111 1,4 1 5638 5738
5537 114313136 14134 31136118936
1513731 5430 15 26436 30334 31335 1 593
1513733 1 53325430 1514832 1 543 11532 31431 1 583
151373515431 11635 2493725135 31634 : 5736
151 373619935 22932 151 48, 23 1 54, 17 27 31 83 : 5830
151383 1 543225 55, 14137 28238 31831 1563258322
18 151 48, 24 1 53, 20 24 318341593
151383 1 5333 11131 27335 31931 593
1513931 55331011 15148321 5433 5531 31 103 1 5836
18 19 13132 2653 31 1033 : 583
151393 1 5531 15148341 53351183 31 113 1 56, 24 573
151 39341 5530 14332 1543915933 20 28

1514031 543513835 2533525838 28433 31 1133 1 11135 273,
27838 20735 91

 

