73

216661116220 2114226 62136418 216 2216

2161122 4219 54,11 2116 45, 20 522 6218 2161 328 16219
56,7 5225 7214 Elem 25 54, 13

21611116650,4 6221 21161) 125 126 35,20 2161 12310 4227

Elummeleeh 2212 2116116 3214 1143

Elaea 547 21166111 4220 6216 216111 4219 12226

2161112214 121, 16 21111611 3213 21111661 2213

21116 120,4 2116142411329154, 21111666 1129

2156115219 5 158,6 2111166611 229

21661 1228 2111166 1213 21111666 120, 3

216616 123 3220 2111111116 3217118 2111616111 119,3

2166111 2212 119, 30 2111116123 125 6217 2111161611 27,5

216616 1222 211161613218 2161 1127

21666615212 1111166 28 5220 155, Elymus 8223

216111 4214 33 1523 10 211611 26

211116 5, 23 211111 35, 20 21161 421

2111611 1225 Elim 124 525 2111111 4230 922 117,

216116 4230 1126 2111161661 944 24 1229 27 29 122,

21661611228 3213 2116116223 1713271325147,
128, 31 2116116111 121,20 16 15427

Eleazarus 12232 Elioreb 41,26 2116111161 120,8

21662210 21166 21 57,18 211661 121,6

Electae 7230 Elisabeth 1226417 21166229 118,14136,

2161116161616619230 21116611424 6420 26
921211310220112, 21116161 121 2116666161 39, 31
201125 11219120 2111616111 128 2116666611 27,10
120,1129,1133,415 2111611612754,11 21166 26111111 119, 21
13210 132514141, 21116116 18,7 3217 54, Emesam 12231
1214219 14215151, 12 211111 6, 2 2214
18152814115157, 211161125 21111611 27,5
516 15212119 16 211166 57,21 Emmanuel 49, 30

Eleutheropoli 10222 2111166111 10211112 2111161 57, 20
10433102421107, 2111166111 9212 1028 21111111 229
811223 1227 16 2111116 3217 21111616 14219
12241241612217 Elin 5220 61, 17 21111161 148, 23
12225 13217 22 32 2116116 6226 Emer 5, 24 6222
13211112 13224 2116161220 21161112244421
15222 21161611 6227 211161166111 1225

Eleutheropolim 89, 24 211616111215 21166 328
12218 122112 ·151,4 21116161 6418119 2116111 90, 31 1127
2715413 21116161 5,19 11229 11227 29

eleutheropolim 135, 2111611122181244 1224 1222012215
27128 2111611161 546 2116116 2219 1223

 

