158

mffimw mmmm
mmww mestm
mmfflmmmmmm
1662166 1662166
ΜΜ611Μ1Μ
mmmmAmfflw
mmwm mmmm
mmfflffimmmmw
mmmffl
mmm

Rom ll‚l 1 742

116111 112 1 742

Rom 1121 742

Rom 15221 7426

Rom 15,12? : 7224

Rom 1529 17426

Rom 15261 7324 74,
17 20

11612427 1 6929 7024 Rom 15281 752
16125231 6728 27 Rom 162 1 742 10

16116211 70247128 161272 1 69217121 Rom 16217825 7425

161 1622 1 682 161272 1 6728

Rom 1621 7326 742

1611624 : 6926 722 161272 1 6928 7020 Rom 1621 7421

161 16261 7022 161272 1 7128
161 172 1 672 9 11612721 6928
161 17,5 1 6929 16127241 6820
161 1720 1 6727 1612726 1 682
161 17291 6722 1612727 1 7128
161 1721 1 6729 1612727 16729
161 1724 16824 15 161282 1 7921
161182 1 682 161282 1 7925
161 1821 67247022 1612821 1 6828
1161 1821 682 1612822 1 7125

Rom 16217225 7826
Rom 1621 7328
Rom 1621752 9
Rom 162017328 29
Rom 1621 1 742 22
Rom 162217425 756
Rom 16281 7420
Rom 162417329 742
5 1126
Rom 1625 1 7421 23

16118221 6724 6924 161 2823 1 7025 712 24
161 18271 7129 16128251 6720 722 1161116201 752

161 1823 1 6924 1612826 1 712
161 182416725 Rom 12 1 7425
1611921 7128 Rom 121 742
16119241 7129 Rom 12611 7425
161 19221 6825 1161118221 7425
16119241 67256826 Rom 42 1 7823
11611929 1 67266925 Rom 429 1 752
161202 1 6826 Rom 5241 7823
1612021 6827 7023 1161118251 7824
7120 722 11611192 1 7425
161202 1 6829 11611192 1 7426
16120241 702 Rom 9201 7429
11612025 1 702 7121 1161119251 7420
16120261 6328 Rom 927 1 7420
161212 1 682 9 70, 11611925 1 7424
28 712 86111927 1 742

1161111621 17225 74,
19 752 7
Rom 1622 1 752
Rom 16231 7421828
061 Ι 12 1 7527
061 Ι 121 7525
0611 121 1 7526
0611 1221 7521 15
0611 124 1 752621
0611 126 1 7527
0611 123 1 7522
0611 5,5 : 7529
0611 92 1 7524
0611 92 1 7524
0611 152 1 7522
061Ι 15221 7529

161212 fin : 682 1161119291 7428752 061· I 162 1 7521

161212 1 7028 Rom 928 1 752

061 Ι 1621 7529

 

