61

16661661666116218 66, 16616111 848 1146 1126 11228

28 9220 16666 2412 923 11210 122141248
1661215 166661 927 125,4 182201442
166111 18482 1666127 14229 14224 26
1666161666 8420 16661645 1543 154, 24 155, 19
16611611 122 1666111116 9217 20 156, 20
16616 8419 15418 16661· 948 Aegyptiis 148
1666611666 1214 166616 928 Aegyptios 12411
1661166 8415 1666 5229 aegyptius 8216
16611616112222 166127 2229 9288 Aegypto 8426 9228
16116661211528 104912488 12418 29 12420
“ 1666661616 829 1616 921 13216117 143, 81
16661245 4219 89, 161116 87,17 1448145,18119152

81928112141819 1611116 921 8
166166 1217 95,8 1611661111 92, 82 Aegyptum 84, 27 8226
16666116 9482 16611611 8219 9229 10419104181148
1661119212 11219 122191441214217
1616666666 11228 1661161111 2412 Aegyptus 2, 29 215 14,
16166618228 1661166616613,12 1 6228 7214 77,
1616661111 1218 244 1661111111 246 25 8211

8412 8282 1661111111 929 161 1225
161666116161523158, 16616161 160, 21 161661 4224 84, 82

19 1661116 827 1616111166 4215 5229
1616666616 8281182 166116615229 1616111161161 8429
1616616616 18221 1661166166 2218 848 16116 8288 8417 92,
1666247 10228 1827 14 98, 82 942 926
161666 943 1661116111 8214 4221 9221 1028 1046
1616618481 24 10281 10218 27
166 219 16616111 2, 27 8215 40, 10428 102820 109,
1666210 449 5215 25 29 11281 11210

1228 1222 1616 8284 821 1124 18226 14210
16666 249 1616611 2229 80 “ 161166 96, 28 1124
16666161 40, 25 1611661666 4419 49, 14261522815215
16618222 17118 925 Aeliam 8281 824 9
16616 4424 1616661 14216 8224 80 9299422
16611 217 6477214 16166613418 96,22107,8119,7

23 7217 849 8412 1616161 829 22218238 18218
1661116225 2425 84, 1611666219 1326142614216

88 9224 Adrumetina 6218 1544 221527 159, -

Adane 1461 ¹ 16166 646 16

Ami 9⁵‚20 Aegla 37,ss aeliensis 127,31
Adur 1616141 Aeglon 23,22 16166611 98,13
11166611 1611161614 16611 1611161644

 

