69

1151413 0515155151 10935 carpum 793
115555 10935 0551111151 43 173 051151193
95111515 10931 19134 0555663410934110, 051115 19439194
955 931 59, 19 9 4 0511115 1103
11551573 5938 0555555115 613 6934 Carthaginis 4934195
11551155 5936 055511117310931493 carthago 1113
Byblos 10735 Canatha 1093 0511115111 96,19 110,
0551114319379631 0115655111 683 10431 19
0511515551 457 0555 963 10936 0555559631
cabasam 9639 caph 1603 055115 9630
05115551 98, 10 capharnaum 11139 carin 98, 10
056515111034 Cappadoces 4,17118 05515943
0565515111 993 109314 19537 05515155 6839
056554,419,18173 Cappadooia 993 6739 0515 01111555 1093
963 4839 573 853 7939 99 0515111 9631
8739101310831 05115551 10937 051151103
118301943999149, 051551913911035 055655 683
99 94 96 1503 05155115 11036 0555 4131
0565505155173 963 0515115655 1113 05651 43 4839 573
1093 carduenorum 8939 107381113790116,
05655115 453 05155 453 94
Caesar 643 05115151093510931 05651511135
05555155 683 953 105, cariathaim 17317 108, 0565515111 9639
9119939119431543 97 05655 10939 1103
0115551555 11539 198, cariatham 26,5 59, 99 056155 4,7
17 14934115 cariatharbe 10839 0565155551 4,5
“ Caesaream 9139 0511515555] 963 109, 0561511 59391113114,
05555115 11930 99 97 10
0515155551 64,11119 056515151115 963 953 05655510935
1143 59391093710937 0511596310939
0515155155 1593 99 19834 0511110930
0511516585 10435 cariathim 573 05551515 743
051155 60, 90 67, 91 05115111583411131 055510836
0511143 79367738 0515151511039 0555543 9137
14134 05151511 19934 0551 173 11030
05155 963 5511551155 15931 Conna 6934
05111515 6431 0515151515 194319931 05111155 6634 7535
051555 43 Carmelus 963 4131 05115551173
05155111 173 11031 15930 0511559137 11034
calab 15931 carnaea 10838 01151151 53
0515511115 843919035 0515555510830 chabol 11936
0551111115 15939190 0515515143 843 873 0115115596311193
055155 9139 11038 10837 chabonim 5937

 

