150

111111 1731 16739 366118341 16432 3661 11 10371 16236
ParII 18,8: 16834 3161183611613162, 16536
Ρ61Π 203 1 16238 32 366111 11,5 1 164, 75
Ρ61Π20361111133 3661193116238 1703
27339 366111032116532 366111113117034
1613223116135 36611103311663 3661111131116330.
Par 11 263 1 16936 116611 10341 16339 36611111321 16933
16111263 1 16737 116611 10361 16738 3661 11 113311 1613
1613 273 1 16936 36611 1037 1 16738 366111 11341 16430
16111 283811 1663 36611 10, 28 1 16432 16538
Par H 2932 1 16534 1663 3661 11 1135 1 17138
167331703334172, 3661110331 16838 366111 1231 1 16834
35 1166111033116532 3661111235116336
16133134116836 366111230116238 3661Π1230117132
Ρ61ΙΙ 3432 1 16430 116613 33 1 16932 366111 1237 1 16735
Par 11 343211 16632 11661Π 33 1 16633 366111 1239 1 16837
1613 3539 1 17137 3661Π 330 1 16438 3661 111 1331 17231
ParII 3530 1 17231 3661113311166315 3661 111136116539
Par H 36,5 : 16535 3661 11 336 1 16433 3661111 53 1 16335
36611 23 1 16537 11661 11 337 1 17234 3661111 5361 1 16239
3661123116939 3661113301 16432 3661 1115301 16238
3661123116434 366111330116230 17231
3661123 1 16532 366111 635 1 16338 3661111532 1 16830
36611235116530 1166136381116537 17136
36611 238 1 17131 1703 366113 533 1 16233
36611 23111653192 366111 734 1 16532 3661111534 1 163, 52
36611 232 1 16536 36613 730 1 16530 11661 111 535 1 17130
36611239 1 16537 36613 732 1 16638 3661111 5361 17134
36611 230 1 17133 11661 11 734 1 16532 3661111 539 1 172, 39
3661123411723739 366111733117133 11661 111530117134
36611233116634 36611173711723739 17239
,11661 Ι 236 1 17237 3661 11 7381 17239 3661111 5301116239
1166112371 16434 366111738116834 366131532116738
16535 1166111739116535 17232
366112,591 165, 90 366111731116537 3661111533117937
16634 36611183116238167, 366113536116634
116611 33 1 17135 341703 16
3661133116536171, 1166111103 1 16932 3661111536116930
24 1166111103116934 170317134
3661163 1 1613 1166111 10301 16536 3661111832 1 16837
3661173111613 3661111037116530 17130
3661183 1 16433 366111 1031 1 16530 3661111838 1 170, 97
36611 8301 17136 366111 1036 1 16439 3661111830 1 17032

 

