90

Samariam 4018 5086 8011111022 407 8001101027
Samaritae 603 905 801010 402 4022 5017 Saul 105 14,27 8022
samaritanae 15033 Sarum 15025 7016 9023 908 106,
Samaritani 10028 126, Satara 15028 801201112020140,
71614071815180 801000140215018 10150181417
Samaritanorum 154,1 8010001501 Saule 121,29
1505 80101110 3019 Saulem 15016
Samae 15014 Sarathan 808 80111118028107,4 140,
80100011 2012 4029 8016111804 11140801409
1609 8010 11,12 Saulus 7011
Samen 151,11 80106 11,10 8000110 15032
8011101 8018 8010011 209 8001100 14082
80111008019150826 Sarepta 4017 6030 8001107010
Samir 3021 1504 8011500010009024140
Samma 108 Sargon 5028 23Ι
, Samoe 3026 80116 15013 scythopoli 8029 9013
Samothracia 71,18 8011111 3017 12014115 14018
8011110133,2878,14110 80100304 5029 15067 8005100011111902990
82 1209150241509 8010110 7012 15 1003012082 180,
8010001111 1507 80101100 1508 10 151301515017
Samae 2011 80101 36, 21 Scythopolis 8016 105,
Samuhel 205 3020 71, 8010111 1507 32
5701510030138, 80110001010111 11019 80018011
14715 15016 11025 18022 Sobaoha 3014
8011010110 9017 1502 801001105019 80500100 9026 138, 18
Samus 7021 801111 306 15019
80111001 8010101143,11158,24 8011011071,21115,4154,
Sanam 8012 Sarna 4015 19
8000011110 409 Sarnia 3028 8011001011 15029
80111111 15019 80001 3016, 1050110011 15020
8001019020 11012 Sasima 15021 Sabeon 10112
Sanir 2010 50289020 80101111 5027 Seboim 1019 2011 51,
80110110 15016 Satan 2017 4013 603 18 14033
800111115026 604 8013 Seohem 1505
8010 7025 707 701 Satanae 805 80011001 608
7014 Satanan 704 29 709 8001110110 307

80100102880111509 7023 7023 80011111 8025126
Saraceni 1201 Saltim 15014 Secundus 7020
8010001110 12028 800 1027 806060 203
Saraoenorum 13033 Sana 105 8060010 4019
Sarae 14022 Sauchaeornm 60,1 80616026

8010106 5014 Saue 1408 80610011 504 15017
8010110 2027 80010 3019 80101110 150, 85

 

