71

Cimone 11620 Crispum 7616 00167 12,22 966 95,
0111110618 0111111668 25 1062 10624 25
Cinaei 64 011 566 10611 1162611610
01101101669 Cyrene 6629130 1166 11632 1263 1267
011364 664 Cyrenenses 661 12615 23 13612 13
01110110633 Cyrinus 669 14 15 1362 1366
01101 3628 11622 Cyro 4625 111213 15620 152,
Citii 63 Cypri 11615 24 26 28 1568 157,
011111 164 Cyprius 661 0

Citiorum 4624 Cyprus 11614 0011 2628

Citium 11615 0111111111 2629 Danihel 6610
Claudio 764 Dabit 2624 4619 115, Dennaba 11631 1161
01010111664 27 1161 11622 00111110 11633
011111101110,27 0011110262511619 0012624

Clemens 7625 001101 11631 01160110 4618
010011011266 001110112629 1160 001011 11621

οο 668 0110014618 0010110 0614 17 116,
0001168 Dedan 67 11633 116, 4 1164 10 28 1267
0011101101 661 24 12616 136612 134,
0001111162511613 01101367 231462015614156
000101 Syriae 9632 Dehine 1163 16

0014612 00111111 1163 00101100 12620 128,
001010146231462 001010 563 1913615

001111 5622 0010111 2627 0010111011 13624125
Coloniam 665 0010011 2627 00100111 1168
0010111 768 0110111 1663 001011 65 11614
00110001160,24 0011111366 1566 0011111 1618
00110010161111611 Dalmatiam 766 00111136116106613

Coph 16612 001101113611 763 7629 765 80,
001 660 00110111 6615 16 8611 86159627
0010116611 (1011010111 14621 9645 10658 1061
00101110 10620 00110100101 1167 2 10610 11626116

0010010 662 damascenus 8617118 16 11612 1261525
Corculum 6614 00110101 8621 9626 12614 12691619
001167 167 7616 961 1160 126927 13691813623 140,
Corinthum 666 7615 12618191267130, 1113 1462 14629
Corinthus 76314 1815617 30 14635 15614
00110001663 0011010111 9615 147, 15620 23 15621
0110101163 815627 15627 15615 19
01010011763 0011010115,641,1949, 00111010 69 366 110,
Crescentem 80,5 29 6613 7618 766 24 15611
0101116630 17 11621 0011010111 569
Cretum 7626 Damno 1167 0011101110 5616

 

