138

982216 18 16421 1001623 2926 9824 100 1823ε 2820 9821
221241719 22125 942 18521 22222
100 152073 16421 100 1620 2721 13329 37 2742
1001521ε 272611320 26728 100 1824ἑ 10927 271,

12345 245, 42 48 100 162ε 9325 27 102, 40
80225 30 221, 26 22228 100 18262428 2522
100 1522τ 24242628 23820 11921 1282 1462
272 1162 1192 6 100 16,6; 2821 812 2452725522287200
1552125028 25420 193201522 15624 80022
62 29721 26126 26729 29322 100 1827272810424
100 1523ε 2529 2820 100 162ε 2425 14221 11922 1522 23621
9321 10427 1882 26321 25524 29429
1672622122 23527 100162τ 262 10924 10013,187;105,1
26626 1562626129 27028 1001829252218923
100 15,54; 2424 3023 100 16201 12722 244, 26126
9322 1512 22123 17 100 1821 : 2720 94,5
29329 100162οε 10326 234, 1052 22229 23622
100 15243 13227 95 100 1822 : 3026 10020
1001525ι 262 2820 100172ι 2425 2720 15220 2302129420
29216 1182 13320 3025 100 1828242920 94,
13925 15924 25820 100172ε 2426 2928 6 7 22220 42
26629 28029 30221 14 100 1824242122 94,
10015261 282113323 100 172 LXX: 2822 9 10 1272 22228
18 26727 100 1720 2426 13828 24428
100 1527 : 24243028 13929 1522 26722 100 1825ι 2523 2728
100 15,58; 2425 2520 28024 29426 30,1105,4127,31462
104271192 12722 100172ι 15627 2432 2672
23525 24529 100172ε 10926 27029 10018260 292 9423
100 15283 252 100 172οι 9828 22229 1132 1392822227
10015290 2521 272 1001721ε 27282822 23028 30226
292 1192 18926 121291332813827 1001626121321802,
25423 28021 14223 1572225920 56
10015200 2425 262 26129 26724 2792 10013272822 312
932810928 15628 28328 133201462215621
λ 22124 2612027027 1001721121 11525 26125 26726 2872
10015210 2521 292 25027 10018277116628
8024 10429 18927 1001726ε27213825 100 18282422 3023
15122 2852028022 26723 9421 10921 12828
29321 100172673 18326 253, 1322415221 20128
100 1522ε 2727 2923 49 22224 45 24626 265,
1192214220 25426 100182ε 3024 28 27025 29421
28320 100 1822ι 10424 144, 100 192 : 10420 235,
10s15‚63: 1322 26529 26 23523 304200 11

 

