93

Tabernae 723 Thamar 1131122 6330 11661116 4031
1611116 7136 11238 12231 11631611 4736
161ι66ιι666 4330 Thamara 85,3 Thalabim 593
1661661134 1166666 59,4 ' 11616666615731
1616114330 Thamna 1133303892, 1161666153
1616665538 5839155, 5156391015739 1161161573
20 11666666 853 1573 Theman 1132 153 51,
16166 1134 3030 Thamnam 85,8 12830 271133212230147,
Talem 15530 11666611 1133 14 1553239 15634
16111666616339 Thamnahha 15739 1583 10
16616 2034 513 5839 1166661166663938 11666666661563
112,6 15539 Thamnahhsara 1573 1166664335
Tarsum 15739 thamnitica 9638 Thamara 5930
16661161166 1553 thamniticam 923 11666 213 15634
1611166753 1166666 15735 1166611313 15634
Tertullus 7139 11666613339 4334 1166666166 87, 15116
1666615531 1166661611 483 9639 9835 12039
16614931603 Thapso 4736 12232 1243 1363
116666115536 Thara 1130 15636 14034115 31 14438
11666661303615631 ’11666213 15234
15731 116661 6331 Theophila 72,5
1166666 483 116666 1139 1166661 48313
1166111313215635 1166611131 11666116 48,4 59,6
15734 Tharsa 158‚3 Therama 15631
Thabor 313 493 91,5 Tharsensis 723 1166616 313
943597311032113, Tharsila 158‚4 Tharmad 4334
12 24 11530 13437 Tharais 4336 11130 1161661115736
14331 23 15237 20 15738 32 · Tharsa 213 3037 443
154315633 11661166473815831 116166615630
1161611 15834 11661166 4739 Tharsila 158,5
116116 15638 11666159,9 116616 158,6
1161166 8035 15636 1166 49,6 593 16033 116611443
Thaffahh 15637 Thebaidis 15433 116611166 533 158,6
1161664335 116166 3339 403 157, 11661661135
116166116666 313 15 17 Thessalonicam 773
1161666 4336 59,8 116161443 11666616616666166723
116161 15633 11666 15638 1166666 723
11616661483 493 116661666 4030 1116166 593
116166666 158, 12 116666 1193 Thiras ll,18
Thalaha 157,4 116666 40,9 5137 1161611137 493 59,
116116 313 1166666 483 9
1161661 3338 Thedor 43, 20 1161 484 5536
Thalnae 3038 40,9 116611 15,4 213 116161 2³,14

 

