67

86116628 Bartholomaeus 60, 20 Behelfegor 16222626
86116111 10610 6621 8611686166 1624
8616111 10680 861116166616 6611 8614622 5621 565
Baltasar 564 86166 16627 10629
86116 861 106, 30 8616661116 16626 861610618

81 86111611 5619 8616111616 2629
86166111 1617 269 8666166111 46718 861161 765

101,22 866661618 468 8682 861161 764
8666116 464 8684 8615 10624 8666666161
866616 861 561 1163 18682 86661161 25, 28
Bane 105, 24 86666111661261 127, 866666616 2622
8666116166 26112 19 15624 1562 Beniamin 624 1617
8611616666 10621 8666611166 ,106 22 761 7624 8614 92,
866616616 669 Basanitis 101‚27 14968196] 8 4 5
86611 1625 8661112626 6 7 9 10 1113100,
8616 618 8628 86666111 10618 10 1066 28 24 27
8616111166 6618 8666611111 465 84 1061 84 1068
86166 8622 7627 105, 866666111 2618 24116161168 ll

25 8666166111 622 11618 11621 22
8616666616 8628 86166666 867 8617 1263 7126112026
86166116] 5617 106271262 14628 81 126418618186
86166166 4621 6627 881565 8018611 1861 18
8616661161 5616 8616116666 8684 10618 14616 1468 9 12
86166 620 5617 101, 8611161 1066 1462615681011
¹ 814628 8611166666 10620121 15681

861666 469 8611161161 621 8661111 10628

8616 10681 86166 10614 Bennamerium 14612
861666 10625126 8661161865 1068 8611661628
86166161 868 8666611616 10616 861161 466
8611 564 86666166 2617 8661 625 162111681
86116 16, 28 8661161 61 1622 8616 3624 10620 21
8611666 6626 86666 464 861661 25, 26
861166 6625 8661166611 10628 8616166111 1069
8611666 6622 8661111666 1067 8611166 1468
86111116 861 86616666 1065 86116 627
Barnabas 6623 7614 866116166 1616 1627 86116 8619

767 10618 8611111 3625
86166 26281068108, Beelzebub 6611 8616166 67, 27

21 86611 621 566 Beroea 67, 27
861666 16, 25 86616111 10612 Berosus 8611
8611611166 6628 8666111616 104, 21 8616111 2628 2628102,
86166166 6622 Bega 861 21 1064
8616611116 6610 86366116 2611 Berothe 562

5*

 

