130

Gen 1137183 Gen 14351437 53 (1612331438
Gen 1138 1 432 158, 1123 80132 Gon 2331 53216438
18 28530 (1611143819314830 (1111124391 83
Gen 1139 1 734 836 14935 2653129035 Gen 24321 1453 299,
Gen 1131 1 1032112, 29134 75
130137 Gen 153163 837114, (1611253 1438
Gen 1231103214830 21 16338 24930 Gen 253 1 736 17 8.
29035 Gen 1539 1 4,4 5 18 1039 1138 136,
(161112318388330 Gen 163133 3127632
1003 20935 2303 Gen 163 1 14932 0111253 133 53 83

Gen 1230 1 239 Gen 1631 1 735 (16112531 1 53
Gen 1235 1 633 Gen 1634 1 3301013 (1611253 1 33533 63
(1611 133 1 230 23130 Gen 25301 533

Gen 133 1 634 Gen 163871 1613 (1612538133 43 8,
(1611183011033 Gen 173133 19 938 11130 273,
(1611133814338438 (1611173511038 94
112,4 11436 13638 Gen 19321 14938 (16112534153830
24937 27639 30139 Gen 1937 1 8371373 Gen 2535 143 29 7,
(16111431230334, 27639 17 93 1563 16934
25 530 1131 8435 (1611193813316237 200300
117351213614839 (16112031731038 (16112538111732523
21035 82 2523 258, 12435 18 2403832 (16112535 16316638
57 29033 Gen 203 1 33 Gen 2536 116732
(161114313381910, (16112131 735 0111125301 534
23 24 25 8433 100, (16112131 1 635 122, (16112636 1931

23 14831 33 1493 33 29838 (16112633 1 1043145, ’

23133 2903567 74 (161121321635 52353 29938
Gen 1431 33 43 63 (16112131 1 3301043 (16126341 33122 7,
933 1037 843108, 14432 2843 29933 18 16830 16934

17 27 1493 209, 61 (161121321636 (16112736 1 739 167,
2683826930 29036 Gen 21341 1233 299, 32
Gon 1437 1 123 71 (1611283 1 831
(161114314361037 (16112233110391823 8611283918335100,
12238 1233 14930 (1611 22311331 43 9, 131353115832274,
29138 29834 17 17136 2 28533
(16111431334311, Gon 2232183214, (1612931935
218531083125162, 27 637 736 10834 (1612936183
28 21034 2693 48 (161122331933 Gen 293411138
(161114331335318, (16112234173837 Gen 29321938
1613639 16230 276, 9341134 (1611293311030
50 (16112831 33 843108, (1111129341 83
(16111434111436 249, 32 1123 20935 269, (1611 2935 1 739
32 1430139 (1611303 1 338

 

