055 22 : 18929 055521 : 820 0551025 : 4281027
055 22 : 5, 15 11622 055 529 ε 92 148,9181,66 28923
18024 25123 055 6,10 : 721 1023 055 1026 : 222624
0552,11;5,156,11 055 sm, 19 8227 723
1172 12223 16425 20825 055 1027 :233 24 528
25125 29859 055 925 t 18027 055 10,18: 2242510,
055 2231226223 0551025421 17
12421 24024 055 102 : 623 722 0551029 : 225 625
055 224 : 226 526 Ι82112139291127 27 82102819124,
117,111552164,66 18 18028 59 13 135, 10 24026
2522 29722 055 102 : 220 11,18 2742
055 226 : 2, 17 18020 0551022226 62 8,5
055820 : 526 16424 055 10,4;4,3 14 5,4 62 0551023 : 6291126
055 324 ι 421 929112918020 61 055 1024 : 529
055 42 : 42 055 102 z 424 6,11 8, 055 1025 : 624 728
055 42 z 228 141802118122 63 0551026ε 227 529
055426 : 9,3 14124 055 102 : 220 5,5 9, 7241021
28226 2110,1415181,6364 0551027 : 2272855
055 4269 : 1822 055 102 : 9,4 18124 055 1028 : 228 72
055427 : 527 055 10:10: 221425 055 1029 : 724926
055 428 z 723 829 921 1026 8325111, 117,5 1492 25128
180, 54 29 14326 18125 209, 29029
055429 : 229 10, 12 54 28529 30123 0551020 : 8251021
18025 055 1021 : 2, 21 426 13626 27627
055 420 : 720 9,5 22 11121 14126 055112 : 14823289,
055 421 : 720 14522 14824 18126 48
055 422 : 9,3 180, 56 28228 2862530125 055 112 : 328 9927
055 425ι10,12164,56 0551022 : 5,5 11424 23024
055 426 : 5, 17 24925 055 11,18 : 922
055 5,9 : 42 0551023ε 222 824 055112οε 1021
055 522 : 82 92 16226 055 1123 : 92
055525 : 721 18027 0551024 : 42618 6, 055 1134: 1120
055 528 : 16427 12 055 1136223829 421
Β , 9

 

