62

21111 85, 25 21111 5213 2111111 97, 17 22
2111111 9226 80 32 211111 44, 16 2111124222
211111 9231 Age 8218 2111111 37, 15
21118210 Agabus 626 2111111 15, 21 227
211111 828 23111 91, 25 823

21111 85,11 18 2313 1227 3216 2111111111 3215
211111 3220 2311 8230821 21111 1218

211211 3224 96, 31 23111111921011 2111111127

97,1 3 121, 30 231123 7215 1023 211111 4220
Aeneae 626 148, 22 21111111 3212
211311111 24, 112 Ager 11111111 9226 21111112, 28

2111111 9215 2331111 5222 2111 15282
211111 66,8 23311 2, 80 2111 37, 18
21111 9222 2331 625 21 823
2111111 28, 25 8214 23316311 1210 211828 160, 25
9211131924 91, 2331111111 15, 16 211111 96,8
25 1026 10210 2331 214 15, 28 21111124, 27 822527
2111112 624 23311 87,7 29 95, 25 27 96, 819
21111111 86, 18 2311 122 2216 103, 2111 84, 29 122, 32
2111111 10211112 22 211111 88, 21 12210
2111113217 2311116218 211111 84, 25 28
Aethiopia 324 3212 2311 specula 823 21111 2221
21111111112,16158,29 231119211 Ain 1215 2218 24,
Aethiopiam 12212 2111 41, 3 11 429 92223217
21111111214 4214 211111 9216 16210
21111197, 7 2111111 98, 30 2111311111 56, 26
21111 2222 2111111111 127 211 4215
2111 121 2111111 9219 Ale 4218
21111 24, 20 21111 214 2111 31, 12 8221
21111192 28129 2111111 37, 17 2111 23, 25
Alexim 24, 23 2111111111 85, 81 2111221
21112280 321144, 21115216 2111112215
14 921 95, 16 923 211129 4220 9220 2111111 1211
Aleae 91, 22 23 9221 21111111 86, 29 211111 99, 14
21111111 3214 211111 1211 Alaea 5215
2111 26 4222 21111 9228 2111 428
Afeetlommim 9223 21111 3214 21111 1622
Allata 24, 20 2111111 44, 24125 Alexander 6230 7217
21111111 127 2111 821 ’ Alaeus 6227
2111 216 211111 8224 alienigenae 95, 12
21111 8210 2111111 15, 16 alienigenarum 12218
2111 927 211111 428 12214 21 151, 13
2111111 9228 Ahihod 1216 alienigenae 8288 106,

 

